iteration,crossover_type,nbMoves,nbLoopsLS,nbMovesRepair,nbLoopsRepair,time_crossover,time_LS,ratio_crossover_LS
0,PL,95,4,0,0,0.00287171,0.00291027,0.98675
10,PL,47,5,0,0,0.00246864,0.00266569,0.926082
20,PL,33,3,0,0,0.00247596,0.00166703,1.48526
30,PL,69,3,0,0,0.0027434,0.0022318,1.22923
40,PL,52,4,0,0,0.00247871,0.00186558,1.32866
50,PL,58,3,8,3,0.00258918,0.00292067,0.886504
60,PL,36,4,0,0,0.00247864,0.00204257,1.21349
70,PL,47,4,0,0,0.00241655,0.00197484,1.22367
80,PL,55,4,0,0,0.00269438,0.00240028,1.12252
90,PL,50,3,0,0,0.00246126,0.00158453,1.55331
100,PL,51,3,0,0,0.00237726,0.00157521,1.50917
110,PL,69,3,0,0,0.0025658,0.00214656,1.19531
120,PL,43,3,0,0,0.00249668,0.00178158,1.40139
130,PL,29,4,0,0,0.00256813,0.00183552,1.39913
140,PL,53,3,0,0,0.00265531,0.00170655,1.55595
150,PL,0,3,0,0,0.00216125,0.000971716,2.22416
160,PL,48,4,0,0,0.00267402,0.00216207,1.23678
170,PL,38,4,0,0,0.00251746,0.00226459,1.11166
180,PL,52,4,0,0,0.00287171,0.00221274,1.2978
190,PL,48,3,0,0,0.00260422,0.00192603,1.35212
200,PL,41,3,0,0,0.0026077,0.00198881,1.31119
210,PL,30,3,0,0,0.00238469,0.00163786,1.45598
220,PL,87,4,0,0,0.00271046,0.00244177,1.11004
230,PL,65,4,0,0,0.0026604,0.00278845,0.954082
240,PL,7,3,0,0,0.00235545,0.00103471,2.27645
250,PL,33,5,0,0,0.00263606,0.0023052,1.14353
260,PL,32,3,0,0,0.00249589,0.00161247,1.54787
270,PL,61,4,0,0,0.00275119,0.00259181,1.06149
280,PL,46,5,7,3,0.00250257,0.00360149,0.694872
290,PL,46,4,0,0,0.00262951,0.00167392,1.57087
300,PL,42,4,0,0,0.00265227,0.00229073,1.15782
310,PL,37,5,0,0,0.00222921,0.00218967,1.01806
320,PL,54,3,9,3,0.00253414,0.00294666,0.860007
330,PL,32,3,0,0,0.0024544,0.0016974,1.44598
340,PL,40,4,0,0,0.00253646,0.00185145,1.36999
350,PL,13,3,3,3,0.00232266,0.00287629,0.807521
360,PL,25,3,0,0,0.00269735,0.00116537,2.3146
370,PL,19,3,8,3,0.00247876,0.00267363,0.927114
380,PL,59,4,0,0,0.00253187,0.00230933,1.09637
390,PL,18,4,33,4,0.00232153,0.00360067,0.64475
400,PL,5,3,30,4,0.00213868,0.00271096,0.788904
410,PL,10,3,0,0,0.00224254,0.0011729,1.91197
420,PL,26,3,0,0,0.0023744,0.00152818,1.55375
430,PL,11,3,16,3,0.00227078,0.00291507,0.778982
440,PL,31,4,56,5,0.00237818,0.00408441,0.582258
450,PL,59,4,0,0,0.00256705,0.00201233,1.27566
460,PL,39,4,0,0,0.0028466,0.00216577,1.31436
470,PL,58,4,0,0,0.00253066,0.00221483,1.1426
480,PL,30,4,6,3,0.00243721,0.00317582,0.767429
490,PL,24,3,0,0,0.00237969,0.00158813,1.49843
500,PL,59,4,0,0,0.00253773,0.00217055,1.16917
510,PL,9,3,0,0,0.00238707,0.00107686,2.21671
520,PL,37,4,29,4,0.00243083,0.00405628,0.599276
530,PL,13,4,3,3,0.00272843,0.00268994,1.01431
540,PL,36,3,0,0,0.00270785,0.00142371,1.90197
550,PL,30,3,18,3,0.00225215,0.00295393,0.762427
560,PL,12,3,0,0,0.00223636,0.00134454,1.6633
570,PL,0,3,0,0,0.00220815,0.000963755,2.2912
580,PL,3,3,0,0,0.00224739,0.0011025,2.03846
590,PL,6,3,0,0,0.00220797,0.000958515,2.30353
600,PL,43,4,0,0,0.00259435,0.00216757,1.19689
610,PL,0,3,0,0,0.00218003,0.000882285,2.47089
620,PL,2,3,0,3,0.00238439,0.00187662,1.27058
630,PL,5,4,25,4,0.00255287,0.00273273,0.934186
640,PL,19,3,0,0,0.00252254,0.00157531,1.6013
650,PL,57,5,0,0,0.00244009,0.00253418,0.962871
660,PL,6,3,8,3,0.00220972,0.00236334,0.934998
670,PL,29,3,0,0,0.00259168,0.00145311,1.78355
680,PL,22,3,0,0,0.002194,0.00153547,1.42888
690,PL,6,3,4,3,0.00218696,0.00190386,1.1487
700,PL,7,3,0,0,0.00216648,0.00118514,1.82804
710,PL,36,3,8,3,0.00217062,0.0032162,0.674903
720,PL,6,3,0,0,0.00218356,0.00111969,1.95016
730,PL,39,3,0,0,0.00260115,0.00158393,1.64221
740,PL,4,3,0,0,0.00213514,0.00109486,1.95016
750,PL,2,3,7,3,0.00212525,0.00206094,1.0312
760,PL,7,3,0,0,0.00219838,0.00122569,1.79359
770,PL,12,3,0,0,0.00223888,0.00119877,1.86765
780,PL,32,3,0,0,0.00255741,0.00140295,1.82289
790,PL,23,5,0,0,0.00252079,0.00203548,1.23843
800,PL,31,3,0,0,0.00245461,0.00159105,1.54276
810,PL,61,4,31,4,0.00261361,0.00471597,0.554204
820,PL,42,4,0,0,0.00252842,0.00221272,1.14268
830,PL,0,3,2,3,0.00214653,0.001821,1.17877
840,PL,12,3,0,0,0.00219809,0.00120923,1.81777
850,PL,1,3,0,0,0.00216049,0.000907415,2.38093
860,PL,10,3,0,0,0.00223431,0.00121638,1.83686
870,PL,10,3,0,0,0.00225556,0.00129251,1.74511
880,PL,11,3,24,4,0.00246495,0.00318369,0.774245
890,PL,3,3,18,4,0.00219652,0.00272222,0.806885
900,PL,3,3,40,3,0.00218989,0.00289729,0.755842
910,PL,18,4,0,0,0.00230492,0.00141266,1.63162
920,PL,41,4,0,0,0.00236235,0.00218673,1.08031
930,PL,8,3,0,0,0.00224153,0.00120598,1.85869
940,PL,10,3,22,3,0.00220513,0.00311713,0.707425
950,PL,50,3,19,3,0.00259256,0.00308738,0.83973
960,PL,27,3,11,3,0.00240339,0.00274886,0.874325
970,PL,38,4,0,0,0.00253483,0.00211095,1.2008
980,PL,2,3,10,3,0.00229273,0.00209944,1.09207
990,PL,3,3,7,3,0.00214638,0.00193778,1.10765
1000,PL,12,3,0,0,0.00222657,0.00127606,1.74489
1010,PL,20,3,11,4,0.00233933,0.0029223,0.800512
1020,PL,28,3,7,3,0.00259334,0.00277717,0.93381
1030,PL,8,3,0,0,0.00219811,0.00110079,1.99685
1040,PL,4,3,0,0,0.00222495,0.00111023,2.00405
1050,PL,8,3,0,0,0.00213154,0.0011314,1.88399
1060,PL,17,3,8,3,0.00260701,0.00281666,0.925571
1070,PL,5,3,0,0,0.00237433,0.00102059,2.32644
1080,PL,12,3,17,3,0.00222433,0.0027564,0.806971
1090,PL,7,3,0,0,0.00230349,0.00109958,2.09489
1100,PL,12,3,20,3,0.00217952,0.0024198,0.900702
1110,PL,10,3,0,0,0.00221621,0.00132255,1.67572
1120,PL,6,3,9,3,0.00227769,0.00232872,0.978086
1130,PL,13,3,0,0,0.00227874,0.00130161,1.75072
1140,PL,14,3,0,0,0.00225797,0.0013384,1.68707
1150,PL,28,3,0,0,0.00261082,0.00188649,1.38396
1160,PL,7,3,0,0,0.00222715,0.00104325,2.13483
1170,PL,5,3,0,0,0.00218331,0.000996095,2.19187
1180,PL,17,3,9,3,0.00220582,0.00236662,0.932054
1190,PL,7,3,0,0,0.00257602,0.0013357,1.9286
1200,PL,42,3,0,0,0.00254868,0.00192829,1.32173
1210,PL,3,3,0,0,0.00228488,0.000923226,2.47489
1220,PL,0,3,0,0,0.00216601,0.000906365,2.38978
1230,PL,13,3,0,0,0.00224161,0.00117239,1.91201
1240,PL,8,3,0,0,0.00257413,0.00124951,2.06012
1250,PL,16,3,29,5,0.00252331,0.00354904,0.710985
1260,PL,7,3,12,3,0.00268647,0.00221122,1.21493
1270,PL,15,3,0,0,0.00225631,0.00106587,2.11688
1280,PL,14,3,0,0,0.00231459,0.00135429,1.70909
1290,PL,2,3,0,0,0.00218159,0.00101734,2.14442
1300,PL,4,3,0,0,0.00219904,0.000961796,2.28639
1310,PL,5,3,0,0,0.00217001,0.00105146,2.06382
1320,PL,33,5,26,3,0.00238955,0.00330267,0.723522
1330,PL,18,3,0,0,0.00226912,0.00111702,2.03141
1340,PL,10,3,0,0,0.00233565,0.00120459,1.93897
1350,PL,11,3,0,0,0.00226586,0.00122088,1.85593
1360,PL,9,3,42,4,0.00258196,0.00326868,0.789911
1370,PL,43,4,0,0,0.00261585,0.00196362,1.33216
1380,PL,26,3,9,3,0.00254237,0.00269708,0.942641
1390,PL,21,3,13,4,0.00263286,0.0030234,0.870829
1400,PL,13,3,34,4,0.00250251,0.00303339,0.82499
1410,PL,33,5,21,3,0.00239862,0.00398266,0.602266
1420,PL,2,3,0,0,0.00231023,0.000916065,2.52191
1430,PL,8,3,6,3,0.00228228,0.00244723,0.932597
1440,PL,1,3,14,3,0.00226756,0.00261556,0.866949
1450,PL,11,3,0,0,0.00221187,0.00114779,1.92708
1460,PL,19,3,0,0,0.00262282,0.00153109,1.71304
1470,PL,29,4,16,4,0.00226291,0.00367915,0.615064
1480,PL,0,3,0,0,0.00216776,0.000889995,2.4357
1490,PL,3,3,0,0,0.00221928,0.000996835,2.22633
1500,PL,9,3,30,4,0.00224281,0.00341508,0.656738
1510,PL,24,3,23,5,0.00223807,0.00334977,0.668128
1520,PL,4,3,16,3,0.00219521,0.00242139,0.906591
1530,PL,3,3,0,0,0.00215624,0.00105867,2.03675
1540,PL,10,3,14,3,0.00226584,0.00277434,0.816715
1550,PL,47,3,115,5,0.00252914,0.00600789,0.42097
1560,PL,8,3,0,0,0.0021845,0.00109464,1.99564
1570,PL,5,3,26,4,0.00216831,0.00297582,0.728644
1580,PL,19,3,0,0,0.00230179,0.00116864,1.96964
1590,PL,12,3,31,4,0.00223299,0.00360976,0.618598
1600,PL,12,4,0,0,0.00231023,0.00156391,1.47722
1610,PL,25,3,26,3,0.00231835,0.00319035,0.726677
1620,PL,3,3,13,3,0.00215408,0.00257662,0.836009
1630,PL,49,3,22,3,0.00237534,0.00311226,0.763222
1640,PL,10,3,0,0,0.00217917,0.00120496,1.80851
1650,PL,56,3,1,3,0.00259446,0.00305822,0.848359
1660,PL,4,3,11,3,0.0025338,0.00220536,1.14893
1670,PL,19,3,0,0,0.002339,0.00143273,1.63255
1680,PL,10,3,0,0,0.00221609,0.00117365,1.88821
1690,PL,10,3,0,0,0.00219693,0.00113817,1.93024
1700,PL,14,3,0,0,0.00258495,0.0014291,1.8088
1710,PL,2,3,10,3,0.0022038,0.00204809,1.07603
1720,PL,21,3,0,0,0.00228234,0.00154218,1.47995
1730,PL,6,3,19,4,0.00249027,0.00327807,0.759677
1740,PL,14,3,17,3,0.002212,0.00243037,0.910149
1750,PL,22,3,10,3,0.00251329,0.0027549,0.912301
1760,PL,16,3,0,0,0.00226524,0.00122281,1.85249
1770,PL,29,3,0,0,0.00228013,0.00168587,1.3525
1780,PL,5,3,12,3,0.00232551,0.00245058,0.948963
1790,PL,7,3,0,0,0.00231626,0.00126891,1.8254
1800,PL,7,3,0,0,0.00222529,0.00108144,2.05772
1810,PL,2,3,0,0,0.00265364,0.000890135,2.98117
1820,PL,43,3,0,0,0.00248172,0.00187171,1.32591
1830,PL,0,3,0,0,0.00215769,0.000905015,2.38415
1840,PL,10,3,29,3,0.00262428,0.00270534,0.97004
1850,PL,17,3,0,0,0.00252285,0.00122116,2.06596
1860,PL,6,3,0,0,0.00226083,0.00104654,2.1603
1870,PL,17,3,0,0,0.00243506,0.00144371,1.68667
1880,PL,42,3,9,3,0.00257316,0.00295067,0.872056
1890,PL,2,3,0,0,0.00222415,0.000998986,2.22641
1900,PL,24,3,0,0,0.00249239,0.00174995,1.42427
1910,PL,0,3,0,0,0.00216298,0.000892935,2.42233
1920,PL,4,3,0,0,0.00217312,0.001054,2.0618
1930,PL,24,3,0,0,0.00253314,0.00191085,1.32566
1940,PL,7,3,0,0,0.00219306,0.00126723,1.7306
1950,PL,19,3,17,3,0.00242327,0.00278255,0.870884
1960,PL,17,3,0,0,0.0023845,0.00147757,1.6138
1970,PL,34,4,0,0,0.00260343,0.00202961,1.28272
1980,PL,7,3,13,4,0.0022153,0.00281566,0.78678
1990,PL,13,3,14,4,0.00229311,0.00287108,0.798694
2000,PL,6,3,0,0,0.0024997,0.00109101,2.29119
2010,PL,15,3,18,3,0.00228562,0.00225156,1.01513
2020,PL,6,3,0,0,0.00222135,0.00138048,1.60912
2030,PL,3,3,0,0,0.00225937,0.000957985,2.35846
2040,PL,12,3,9,3,0.00229678,0.00270626,0.848691
2050,PL,17,3,11,5,0.00256376,0.00299264,0.856691
2060,PL,11,3,0,0,0.00229731,0.00116125,1.97832
2070,PL,9,3,0,0,0.00230655,0.00134516,1.71471
2080,PL,4,3,0,0,0.00255667,0.000931095,2.74588
2090,PL,9,3,39,3,0.00222594,0.00302156,0.736687
2100,PL,12,3,8,3,0.00229349,0.00247254,0.927584
2110,PL,4,3,0,0,0.00219079,0.00112422,1.94873
2120,PL,7,3,17,3,0.00222625,0.00259276,0.85864
2130,PL,4,3,0,0,0.00231463,0.00113858,2.03292
2140,PL,1,3,0,0,0.00219532,0.000969796,2.26369
2150,PL,0,3,17,3,0.00222039,0.00274635,0.80849
2160,PL,0,3,0,0,0.00217632,0.000876304,2.48352
2170,PL,27,3,2,3,0.00252005,0.00252709,0.997215
2180,PL,12,3,8,3,0.00220089,0.00236388,0.931049
2190,PL,31,3,37,3,0.00241042,0.00361073,0.667572
2200,PL,23,3,0,0,0.00266262,0.0018449,1.44323
2210,PL,11,3,11,3,0.00246734,0.00254241,0.970476
2220,PL,8,3,0,0,0.00221785,0.00121761,1.82148
2230,PL,0,3,0,0,0.00214834,0.000907635,2.36697
2240,PL,12,3,10,3,0.00229786,0.0023636,0.972186
2250,PL,17,3,0,0,0.00247083,0.00121969,2.02579
2260,PL,20,3,13,3,0.00263261,0.00285406,0.922408
2270,PL,4,3,0,0,0.00225128,0.000988095,2.27841
2280,PL,2,3,16,3,0.00248648,0.00257923,0.96404
2290,PL,1,3,19,3,0.0022297,0.00265899,0.838551
2300,PL,13,3,0,0,0.00243708,0.00153651,1.58612
2310,PL,11,3,0,0,0.00227081,0.00126171,1.79979
2320,PL,0,3,0,0,0.00216669,0.000896285,2.41741
2330,PL,3,3,0,0,0.00250866,0.00100199,2.50369
2340,PL,21,3,0,0,0.00227179,0.00141103,1.61003
2350,PL,6,3,11,3,0.00217893,0.00258873,0.841701
2360,PL,14,3,26,4,0.00221308,0.00320443,0.690632
2370,PL,12,3,29,3,0.00235506,0.00265519,0.886965
2380,PL,16,3,0,0,0.00219032,0.0013675,1.6017
2390,PL,30,3,0,0,0.00248126,0.0018601,1.33394
2400,PL,6,3,0,0,0.0022269,0.00104393,2.13318
2410,PL,11,3,0,0,0.00246653,0.00129038,1.91148
2420,PL,33,3,29,4,0.0025038,0.0035429,0.70671
2430,PL,8,3,3,3,0.00220629,0.00202298,1.09061
2440,PL,11,4,8,3,0.0022321,0.00293801,0.759734
2450,PL,17,3,0,0,0.00214852,0.00116301,1.84739
2460,PL,21,3,27,3,0.00221969,0.00290227,0.764813
2470,PL,3,3,0,0,0.00214753,0.000917665,2.34021
2480,PL,34,3,0,0,0.00243735,0.00158737,1.53547
2490,PL,7,3,8,3,0.00214123,0.00216476,0.989131
2500,PL,7,3,0,0,0.00233798,0.00107609,2.17267
2510,PL,1,3,0,0,0.00219004,0.000923755,2.3708
2520,PL,13,3,0,0,0.0021895,0.00113119,1.93558
2530,PL,13,3,0,0,0.00219971,0.00138165,1.59209
2540,PL,8,3,7,3,0.00216064,0.0026214,0.824234
2550,PL,0,3,24,3,0.00214001,0.00227927,0.938902
2560,PL,45,4,12,3,0.00242757,0.00320523,0.75738
2570,PL,13,3,0,0,0.0025474,0.00124253,2.05018
2580,PL,11,3,0,0,0.00218956,0.00154939,1.41318
2590,PL,18,3,0,0,0.00229419,0.00143559,1.59809
2600,PL,6,3,0,0,0.0022115,0.00109946,2.01145
2610,PL,2,3,0,0,0.00216486,0.000941985,2.29819
2620,PL,17,3,31,6,0.00229441,0.00451493,0.508183
2630,PL,0,3,0,0,0.00217358,0.000886685,2.45136
2640,PL,9,3,0,0,0.0021972,0.00120817,1.81862
2650,PL,3,3,0,0,0.00224609,0.00100461,2.23579
2660,PL,8,3,0,0,0.00225634,0.00126151,1.78861
2670,PL,21,3,13,3,0.00273486,0.00342375,0.79879
2680,PL,0,3,10,3,0.00222742,0.00198058,1.12463
2690,PL,26,3,8,3,0.00273763,0.00279364,0.979951
2700,PL,5,3,13,4,0.00252657,0.00279873,0.902759
2710,PL,12,3,9,3,0.00229986,0.00251461,0.914598
2720,PL,16,3,0,0,0.00239275,0.0015502,1.54351
2730,PL,15,3,0,0,0.00228888,0.00118353,1.93395
2740,PL,4,3,38,4,0.00244926,0.00298646,0.820123
2750,PL,9,3,0,0,0.00228645,0.00108913,2.09934
2760,PL,19,3,0,0,0.00233432,0.00157754,1.47972
2770,PL,14,3,11,3,0.00266044,0.00259541,1.02505
2780,PL,21,4,0,0,0.00238958,0.00170233,1.40371
2790,PL,9,3,0,0,0.00221369,0.00119388,1.8542
2800,PL,12,3,20,3,0.00226905,0.00291533,0.778319
2810,PL,13,3,0,0,0.00227094,0.00118695,1.91327
2820,PL,22,3,12,3,0.00241051,0.00270169,0.892225
2830,PL,2,3,0,0,0.00216693,0.00105095,2.06189
2840,PL,6,3,0,0,0.00222859,0.00109565,2.03404
2850,PL,7,3,0,0,0.00252698,0.00111619,2.26395
2860,PL,11,3,0,0,0.00249642,0.0014304,1.74527
2870,PL,5,3,0,0,0.00269849,0.00104638,2.5789
2880,PL,5,3,0,0,0.002201,0.000953045,2.30944
2890,PL,44,3,0,0,0.00265316,0.00182504,1.45376
2900,PL,40,4,0,0,0.00236249,0.002325,1.01612
2910,PL,9,3,14,4,0.00220358,0.00250249,0.880555
2920,PL,27,4,0,0,0.00268949,0.00195816,1.37347
2930,PL,8,3,0,0,0.0022008,0.0010513,2.09342
2940,PL,9,3,0,0,0.00225648,0.00124207,1.81672
2950,PL,4,3,0,0,0.00252327,0.00119028,2.11991
2960,PL,57,3,0,0,0.00254844,0.00191838,1.32843
2970,PL,8,3,0,0,0.00242379,0.00120162,2.01711
2980,PL,13,3,0,0,0.00231496,0.00126552,1.82926
2990,PL,15,3,10,3,0.00257829,0.00274316,0.939901
3000,PL,22,3,39,4,0.00243006,0.0038963,0.623685
3010,PL,7,3,7,3,0.00219518,0.00227229,0.966066
3020,PL,10,3,0,0,0.0022552,0.00154902,1.45589
3030,PL,23,3,1,3,0.00275532,0.00243319,1.13239
3040,PL,20,3,0,0,0.0023399,0.00151096,1.54862
3050,PL,4,3,26,4,0.00228075,0.00271998,0.838517
3060,PL,6,3,0,0,0.00219444,0.00116728,1.87997
3070,PL,25,3,0,0,0.00270467,0.00153018,1.76755
3080,PL,18,3,25,3,0.00225261,0.0028937,0.778455
3090,PL,47,3,10,3,0.00250321,0.00268109,0.933654
3100,PL,14,3,0,0,0.00233217,0.00131053,1.77957
3110,PL,0,3,0,0,0.0021833,0.000902175,2.42004
3120,PL,0,3,0,0,0.00222391,0.000885035,2.5128
3130,PL,12,3,0,0,0.00225919,0.00119619,1.88866
3140,PL,6,3,13,3,0.00226614,0.00221774,1.02182
3150,PL,23,3,0,0,0.00245739,0.00177607,1.38361
3160,PL,6,3,0,0,0.00220588,0.00104949,2.10187
3170,PL,24,3,21,4,0.00260646,0.0039648,0.657399
3180,PL,1,3,0,0,0.00228436,0.000972206,2.34967
3190,PL,7,3,0,0,0.00222323,0.00107724,2.06381
3200,PL,14,3,36,3,0.00228719,0.00334068,0.684649
3210,PL,1,3,0,0,0.00218731,0.000999245,2.18896
3220,PL,16,3,0,0,0.00255692,0.00124436,2.05482
3230,PL,27,4,0,0,0.00261785,0.00201077,1.30192
3240,PL,13,3,0,0,0.00226839,0.00150487,1.50737
3250,PL,15,3,6,3,0.00226859,0.00234282,0.968316
3260,PL,9,3,0,0,0.00227726,0.00124244,1.8329
3270,PL,16,3,12,3,0.00232557,0.0024987,0.930712
3280,PL,0,3,0,0,0.00220565,0.000900884,2.44832
3290,PL,3,3,0,0,0.00223364,0.00107114,2.0853
3300,PL,7,3,28,3,0.00239387,0.00324921,0.736756
3310,PL,28,5,32,4,0.00237557,0.00416625,0.570194
3320,PL,11,3,24,3,0.00230186,0.00289408,0.795368
3330,PL,11,3,0,0,0.00229534,0.00127361,1.80224
3340,PL,0,3,0,0,0.00220377,0.000886684,2.48541
3350,PL,31,3,0,0,0.00246593,0.00185243,1.33119
3360,PL,12,3,0,0,0.00225779,0.00122841,1.83798
3370,PL,13,3,14,3,0.00252691,0.00309574,0.816256
3380,PL,30,3,0,0,0.00255126,0.00166055,1.5364
3390,PL,17,4,0,0,0.0022379,0.00176468,1.26816
3400,PL,9,3,0,0,0.00233757,0.00137672,1.69793
3410,PL,28,3,0,0,0.00225397,0.00122844,1.83483
3420,PL,11,3,0,0,0.00227353,0.00116891,1.94501
3430,PL,5,3,21,3,0.00226514,0.00283477,0.799056
3440,PL,0,3,0,0,0.00217724,0.00104959,2.07438
3450,PL,2,3,0,0,0.00220993,0.00110071,2.00772
3460,PL,0,3,0,0,0.0022011,0.000904294,2.43405
3470,PL,10,3,0,0,0.00230696,0.00119331,1.93324
3480,PL,10,3,9,3,0.00245715,0.00227913,1.07811
3490,PL,11,3,21,4,0.00270634,0.00298823,0.905669
3500,PL,20,3,0,0,0.00262047,0.00127006,2.06327
3510,PL,11,3,0,0,0.00231725,0.00121321,1.91002
3520,PL,12,4,0,0,0.00226693,0.0014655,1.54687
3530,PL,5,3,0,0,0.0022632,0.00109381,2.06911
3540,PL,1,3,0,0,0.00223101,0.000991974,2.24906
3550,PL,15,3,21,4,0.00243386,0.0030831,0.789421
3560,PL,6,3,0,0,0.00222562,0.00112155,1.98442
3570,PL,0,3,0,0,0.00214291,0.000890774,2.40567
3580,PL,7,3,0,0,0.00253732,0.00116894,2.17063
3590,PL,3,3,0,0,0.00220621,0.000920055,2.39791
3600,PL,13,3,17,3,0.00234077,0.00295882,0.791118
3610,PL,5,3,14,4,0.0022973,0.00343489,0.668814
3620,PL,7,3,13,3,0.00228609,0.00249479,0.916345
3630,PL,25,3,0,0,0.0025823,0.00165685,1.55856
3640,PL,4,3,12,4,0.00223795,0.00263481,0.849378
3650,PL,3,3,0,0,0.00219324,0.00111297,1.97061
3660,PL,5,3,12,4,0.0022696,0.00255093,0.889714
3670,PL,19,3,0,0,0.00227704,0.00116614,1.95264
3680,PL,6,3,0,0,0.00218224,0.000990985,2.20209
3690,PL,15,3,24,4,0.00252291,0.00326404,0.772942
3700,PL,22,3,0,0,0.00259121,0.00141765,1.82783
3710,PL,13,4,13,3,0.00225174,0.00339907,0.662458
3720,PL,5,3,0,0,0.00246768,0.00122823,2.00914
3730,PL,24,3,19,4,0.00257237,0.00313766,0.819837
3740,PL,15,3,0,0,0.00223709,0.00111587,2.00479
3750,PL,19,4,0,0,0.00224075,0.00161102,1.39089
3760,PL,10,3,0,0,0.00220965,0.00110169,2.0057
3770,PL,40,3,6,3,0.00269353,0.00275375,0.978131
3780,PL,13,3,0,0,0.00223445,0.00103787,2.15293
3790,PL,5,3,13,3,0.00219867,0.002555,0.860536
3800,PL,29,3,0,0,0.00263531,0.00185024,1.42431
3810,PL,24,3,0,0,0.00224367,0.00142337,1.57631
3820,PL,13,3,0,0,0.00222455,0.00108829,2.04407
3830,PL,18,3,11,3,0.00263917,0.00305471,0.863967
3840,PL,32,3,0,0,0.00260011,0.00203269,1.27915
3850,PL,8,3,17,3,0.00225565,0.0028578,0.789295
3860,PL,16,3,0,0,0.00224787,0.00148105,1.51776
3870,PL,6,3,0,0,0.00226024,0.000989855,2.28341
3880,PL,13,3,0,0,0.00228538,0.00147152,1.55308
3890,PL,0,3,0,0,0.002194,0.000877454,2.50042
3900,PL,3,3,9,3,0.00217699,0.00242907,0.896223
3910,PL,7,3,0,0,0.00217684,0.00111598,1.95062
3920,PL,2,3,23,4,0.00224433,0.00262696,0.854345
3930,PL,3,3,0,0,0.00218086,0.00101697,2.14448
3940,PL,4,3,0,0,0.00218163,0.000941894,2.31622
3950,PL,3,3,0,0,0.00214823,0.00104118,2.06327
3960,PL,7,3,9,3,0.00225821,0.00212964,1.06037
3970,PL,0,3,0,0,0.00211454,0.000911774,2.31915
3980,PL,14,3,18,3,0.0022198,0.00284553,0.7801
3990,PL,4,3,0,0,0.00226839,0.000962104,2.35774
4000,PL,23,3,24,3,0.00254493,0.00326038,0.780564
4010,PL,5,3,0,0,0.00224582,0.000971285,2.31222
4020,PL,12,3,16,5,0.00229902,0.00307599,0.747408
4030,PL,8,3,42,4,0.00224097,0.00342144,0.654979
4040,PL,9,3,12,3,0.00269059,0.0028022,0.960171
4050,PL,11,3,13,3,0.00227026,0.00323491,0.701801
4060,PL,0,3,0,0,0.00218407,0.000892594,2.44688
4070,PL,0,3,0,0,0.00216131,0.000871724,2.47935
4080,PL,18,3,0,0,0.00222344,0.00132119,1.68291
4090,PL,16,4,12,3,0.00224088,0.00276183,0.811374
4100,PL,0,3,0,0,0.00215551,0.000918775,2.34607
4110,PL,14,3,27,4,0.0024541,0.00349658,0.701858
4120,PL,12,3,0,0,0.00224362,0.00135534,1.6554
4130,PL,21,3,0,0,0.00223207,0.0011634,1.91858
4140,PL,0,3,0,0,0.00214396,0.000891854,2.40394
4150,PL,0,3,0,0,0.00251974,0.000886685,2.84176
4160,PL,9,4,22,4,0.00228589,0.00357318,0.639736
4170,PL,6,3,21,3,0.00221405,0.00302408,0.732141
4180,PL,11,3,9,3,0.00227698,0.00257579,0.883992
4190,PL,0,3,0,0,0.00244402,0.000902685,2.7075
4200,PL,19,3,22,3,0.00241146,0.00315351,0.76469
4210,PL,30,3,0,0,0.00262573,0.00162285,1.61798
4220,PL,54,4,12,4,0.00248287,0.00401567,0.618296
4230,PL,29,3,0,0,0.00237307,0.00172924,1.37232
4240,PL,27,4,0,0,0.00231253,0.00204448,1.13111
4250,PL,2,3,0,0,0.00250728,0.00102316,2.45052
4260,PL,27,5,0,0,0.00246397,0.00225634,1.09202
4270,PL,4,3,22,4,0.00218531,0.00307022,0.711778
4280,PL,21,3,0,0,0.00259354,0.00134332,1.9307
4290,PL,3,3,0,0,0.00223966,0.00100018,2.23927
4300,PL,13,3,0,0,0.00233049,0.001335,1.74569
4310,PL,12,3,0,0,0.00220338,0.00147326,1.49558
4320,PL,5,3,0,0,0.00237792,0.00123645,1.92319
4330,PL,12,3,0,0,0.00224476,0.00125091,1.79451
4340,PL,5,3,37,5,0.0022003,0.00339336,0.648414
4350,PL,28,3,0,0,0.00249553,0.00157794,1.58152
4360,PL,1,3,0,0,0.00224936,0.000949485,2.36903
4370,PL,8,3,0,0,0.00220368,0.000945475,2.33077
4380,PL,8,3,24,4,0.00223312,0.00313046,0.713353
4390,PL,12,3,9,3,0.00231821,0.00236605,0.979781
4400,PL,10,3,0,0,0.0022739,0.00118822,1.91371
4410,PL,24,3,26,3,0.00266127,0.00285775,0.931246
4420,PL,3,3,0,0,0.00222771,0.00113453,1.96356
4430,PL,24,3,9,3,0.0027252,0.00306238,0.889896
4440,PL,2,3,0,0,0.00215652,0.0010306,2.09248
4450,PL,18,3,17,3,0.00222294,0.00297452,0.747326
4460,PL,7,3,0,0,0.00218681,0.00116233,1.88141
4470,PL,4,3,0,0,0.0026945,0.00110128,2.44671
4480,PL,19,3,0,0,0.00226405,0.00119822,1.88952
4490,PL,3,3,0,0,0.00230138,0.000949014,2.42502
4500,PL,8,3,0,0,0.00226688,0.00142982,1.58543
4510,PL,10,3,0,0,0.00223522,0.00111619,2.00255
4520,PL,0,3,6,3,0.00245872,0.00211384,1.16315
4530,PL,8,3,0,0,0.00237974,0.00113923,2.08889
4540,PL,0,3,0,0,0.00220524,0.000897474,2.45716
4550,PL,0,3,0,0,0.0021907,0.000944404,2.31967
4560,PL,2,3,0,0,0.00218365,0.000896684,2.43525
4570,PL,7,3,4,3,0.00218469,0.00217427,1.00479
4580,PL,4,3,13,4,0.00227577,0.00251512,0.904836
4590,PL,14,3,0,0,0.00244045,0.00150699,1.61942
4600,PL,12,3,0,0,0.00218065,0.00102191,2.13391
4610,PL,21,3,0,0,0.00222886,0.00158016,1.41053
4620,PL,15,3,0,0,0.00218281,0.00124701,1.75044
4630,PL,25,3,23,3,0.00232414,0.00297713,0.780666
4640,PL,15,3,21,3,0.00224072,0.00307014,0.729842
4650,PL,2,3,13,3,0.0021899,0.00303438,0.721695
4660,PL,11,3,0,0,0.00218473,0.00117646,1.85705
4670,PL,32,3,7,3,0.00238613,0.00271912,0.877537
4680,PL,15,3,15,3,0.00227051,0.00264272,0.859156
4690,PL,8,3,0,0,0.00221015,0.0011225,1.96895
4700,PL,3,3,0,0,0.00218368,0.000920365,2.37262
4710,PL,2,3,0,0,0.00218735,0.000923274,2.36912
4720,PL,2,3,2,3,0.00225212,0.00189589,1.1879
4730,PL,6,3,0,0,0.00219254,0.000931965,2.3526
4740,PL,6,3,54,5,0.00242116,0.00368447,0.657127
4750,PL,6,3,0,0,0.00223202,0.00101757,2.19347
4760,PL,0,3,0,0,0.0021635,0.000904964,2.3907
4770,PL,4,3,7,3,0.00221438,0.0023332,0.949074
4780,PL,6,3,0,0,0.00226705,0.00116019,1.95404
4790,PL,0,3,0,0,0.00213473,0.000924134,2.30998
4800,PL,0,3,13,3,0.00213884,0.00240062,0.890952
4810,PL,18,3,0,0,0.00247653,0.00167374,1.47964
4820,PL,6,3,12,3,0.00223294,0.0021878,1.02063
4830,PL,14,3,0,0,0.00230797,0.00102863,2.24372
4840,PL,35,5,0,0,0.00238434,0.00209055,1.14053
4850,PL,11,3,27,4,0.00225063,0.00365667,0.615487
4860,PL,7,3,0,0,0.00224505,0.00129257,1.73689
4870,PL,2,3,11,3,0.00218874,0.0027587,0.793395
4880,PL,8,3,0,0,0.00218297,0.00134526,1.62272
4890,PL,39,3,0,0,0.00253552,0.0019019,1.33315
4900,PL,9,3,23,4,0.00246541,0.00321926,0.765833
4910,PL,26,3,0,0,0.00243484,0.00142572,1.7078
4920,PL,12,3,17,3,0.00224492,0.00222081,1.01086
4930,PL,9,3,0,0,0.00231595,0.00126947,1.82435
4940,PL,0,3,11,3,0.00216453,0.00243676,0.888282
4950,PL,3,3,0,0,0.00223999,0.000981745,2.28164
4960,PL,7,3,25,3,0.00227181,0.00302299,0.75151
4970,PL,7,3,0,0,0.0022968,0.0012496,1.83803
4980,PL,10,3,0,0,0.00224222,0.00124404,1.80238
4990,PL,31,4,0,0,0.00256496,0.00180584,1.42037
5000,PL,38,3,22,3,0.0026175,0.00296785,0.881951
5010,PL,7,3,0,0,0.00228016,0.00108779,2.09613
5020,PL,9,4,0,0,0.00235639,0.00153277,1.53734
5030,PL,25,4,15,3,0.00247736,0.00367147,0.674761
5040,PL,25,3,44,4,0.00255,0.00390413,0.653155
5050,PL,6,3,25,4,0.00219964,0.00337443,0.651856
5060,PL,8,3,0,0,0.0022094,0.00110408,2.00113
5070,PL,7,3,0,0,0.00259813,0.00115117,2.25694
5080,PL,8,3,0,0,0.00230285,0.0013191,1.74578
5090,PL,11,3,0,0,0.00229903,0.0012319,1.86625
5100,PL,40,3,0,0,0.00250491,0.0015618,1.60386
5110,PL,3,3,0,0,0.00216928,0.0010584,2.04959
5120,PL,8,4,0,0,0.00218996,0.00131719,1.6626
5130,PL,5,3,0,0,0.00229522,0.00104579,2.19472
5140,PL,0,3,0,0,0.00218478,0.000901685,2.423
5150,PL,23,3,0,0,0.00263544,0.0014883,1.77078
5160,PL,10,3,30,4,0.00225604,0.0035866,0.62902
5170,PL,13,3,33,3,0.00239521,0.00317542,0.754299
5180,PL,6,3,12,4,0.00216911,0.00253966,0.854094
5190,PL,12,3,25,4,0.00222962,0.00321074,0.694427
5200,PL,3,3,0,0,0.00217886,0.00103503,2.10511
5210,PL,10,3,30,4,0.00224391,0.00288134,0.778775
5220,PL,14,3,0,0,0.00234703,0.00162983,1.44005
5230,PL,7,3,0,0,0.00232417,0.000917984,2.53182
5240,PL,9,3,0,0,0.00218834,0.00104366,2.0968
5250,PL,8,3,0,0,0.00220759,0.00140263,1.5739
5260,PL,7,3,0,0,0.00218631,0.00105268,2.07691
5270,PL,21,3,0,0,0.00222385,0.00157993,1.40757
5280,PL,22,3,0,0,0.00265325,0.00136056,1.95012
5290,PL,0,3,0,0,0.00214833,0.000893965,2.40315
5300,PL,0,3,0,0,0.00216905,0.000890944,2.43455
5310,PL,4,3,0,0,0.0021709,0.000896694,2.42101
5320,PL,6,3,0,0,0.00227722,0.0010872,2.09458
5330,PL,4,3,0,0,0.00217703,0.000985775,2.20845
5340,PL,19,3,0,0,0.00244438,0.00124434,1.96441
5350,PL,4,3,18,5,0.00222067,0.0030117,0.737347
5360,PL,0,3,0,0,0.00213047,0.000883145,2.41237
5370,PL,0,3,0,0,0.00230732,0.000911984,2.53
5380,PL,24,3,0,0,0.00251536,0.00173631,1.44868
5390,PL,3,3,0,0,0.00213136,0.000965104,2.20843
5400,PL,3,3,10,3,0.00213797,0.00211343,1.01161
5410,PL,2,3,14,3,0.00257837,0.00200898,1.28342
5420,PL,13,3,0,0,0.00224268,0.00122015,1.83804
5430,PL,2,3,0,0,0.0021696,0.000942214,2.30266
5440,PL,9,3,0,0,0.00230091,0.00100088,2.29888
5450,PL,26,3,0,0,0.00256022,0.00164754,1.55397
5460,PL,12,3,0,0,0.0024424,0.0012172,2.00658
5470,PL,34,3,0,0,0.00243833,0.00158965,1.53388
5480,PL,0,3,0,0,0.0021133,0.000898665,2.3516
5490,PL,6,3,0,0,0.00217897,0.00103498,2.10534
5500,PL,5,3,16,3,0.00224697,0.00246419,0.911849
5510,PL,6,3,0,0,0.0021554,0.00105722,2.03875
5520,PL,7,3,51,4,0.00228416,0.00362502,0.63011
5530,PL,15,3,0,0,0.00226526,0.00104863,2.16022
5540,PL,15,3,0,0,0.00265646,0.00134314,1.9778
5550,PL,33,5,0,0,0.00226362,0.00240916,0.939589
5560,PL,17,3,60,5,0.0022763,0.00491158,0.463456
5570,PL,8,3,0,0,0.00219145,0.000988045,2.21797
5580,PL,0,3,0,0,0.00216987,0.000894425,2.42599
5590,PL,13,3,11,3,0.00226871,0.00273977,0.828065
5600,PL,22,3,0,0,0.00224306,0.00136757,1.64018
5610,PL,4,3,11,3,0.00221478,0.00212462,1.04244
5620,PL,0,3,0,0,0.00252803,0.000905674,2.79133
5630,PL,12,3,7,3,0.00231214,0.00241091,0.959032
5640,PL,8,3,0,0,0.00214613,0.000943944,2.27358
5650,PL,0,3,16,3,0.00219328,0.00229165,0.957074
5660,PL,10,3,0,0,0.00229082,0.0013288,1.72398
5670,PL,29,3,0,0,0.00251725,0.00157336,1.59992
5680,PL,28,3,13,3,0.00252924,0.00336632,0.751338
5690,PL,29,3,7,3,0.00260026,0.00312532,0.832
5700,PL,11,3,0,0,0.00220264,0.00129526,1.70054
5710,PL,13,3,0,0,0.00222099,0.00150251,1.47819
5720,PL,22,3,10,3,0.00262398,0.00264569,0.991794
5730,PL,0,3,0,0,0.00217744,0.000889964,2.44666
5740,PL,4,3,29,4,0.00221149,0.00266061,0.831196
5750,PL,4,3,0,0,0.00219225,0.00106031,2.06757
5760,PL,0,3,0,0,0.00213647,0.000879504,2.42918
5770,PL,3,3,16,4,0.00219962,0.00289569,0.759618
5780,PL,0,3,0,0,0.0021874,0.000888974,2.46059
5790,PL,22,4,0,0,0.00222829,0.00174332,1.27819
5800,PL,7,3,0,0,0.00216376,0.00129564,1.67004
5810,PL,5,3,0,0,0.00213452,0.00112434,1.89847
5820,PL,14,3,0,0,0.002273,0.00118286,1.92162
5830,PL,21,3,0,0,0.00258769,0.00142691,1.8135
5840,PL,30,3,10,3,0.00251553,0.00270017,0.931618
5850,PL,2,3,0,0,0.00230179,0.000964095,2.38751
5860,PL,32,3,0,0,0.00247644,0.00157855,1.56881
5870,PL,19,3,0,0,0.00231759,0.00131926,1.75674
5880,PL,11,3,0,0,0.00232561,0.00136002,1.70999
5890,PL,2,3,0,0,0.00218798,0.000915404,2.39018
5900,PL,28,3,0,0,0.00225532,0.00132331,1.70431
5910,PL,21,3,0,0,0.00254785,0.00164883,1.54525
5920,PL,7,3,0,0,0.00218279,0.00113297,1.92662
5930,PL,3,3,0,0,0.00221787,0.00100176,2.21398
5940,PL,5,3,0,0,0.00220718,0.00105146,2.09915
5950,PL,13,3,0,0,0.00220919,0.00129842,1.70145
5960,PL,13,3,19,3,0.00229657,0.00314518,0.730186
5970,PL,17,3,24,3,0.0027181,0.00330798,0.82168
5980,PL,6,3,0,0,0.00239524,0.00111118,2.15559
5990,PL,11,3,11,3,0.00226857,0.00276945,0.81914
6000,PL,20,3,0,0,0.0022886,0.00154763,1.47878
6010,PL,3,3,21,3,0.00219657,0.00280186,0.783968
6020,PL,2,3,0,0,0.00221721,0.000999005,2.21942
6030,PL,7,3,0,0,0.00220726,0.000976334,2.26076
6040,PL,19,3,0,0,0.00235967,0.00152159,1.55079
6050,PL,7,3,0,0,0.00222349,0.00111593,1.99249
6060,PL,0,3,0,0,0.00215182,0.000885934,2.42887
6070,PL,2,3,18,3,0.00244458,0.00247145,0.989128
6080,PL,21,3,12,3,0.00228906,0.00272785,0.839144
6090,PL,10,3,0,0,0.0022061,0.00116318,1.89662
6100,PL,4,3,0,0,0.00217502,0.000943915,2.30426
6110,PL,7,3,0,0,0.00218959,0.00115697,1.89253
6120,PL,27,3,25,3,0.00249548,0.0029833,0.836483
6130,PL,12,3,0,0,0.0024739,0.00141331,1.75043
6140,PL,24,3,14,3,0.00251624,0.00277216,0.907682
6150,PL,30,3,21,4,0.00260285,0.0033247,0.782884
6160,PL,31,3,26,4,0.00253055,0.00331007,0.764503
6170,PL,28,3,19,3,0.00238333,0.00359341,0.663251
6180,PL,8,3,0,0,0.00223763,0.00135404,1.65256
6190,PL,5,3,0,0,0.00219649,0.00137228,1.60062
6200,PL,2,3,9,3,0.00219153,0.00229713,0.95403
6210,PL,15,3,0,0,0.00219765,0.00111768,1.96627
6220,PL,0,3,0,0,0.00218637,0.000922335,2.37047
6230,PL,16,3,0,0,0.00255661,0.00149908,1.70546
6240,PL,29,3,24,4,0.00269885,0.00348681,0.774019
6250,PL,4,3,0,0,0.00218697,0.00101735,2.14968
6260,PL,31,3,8,3,0.00246338,0.00294072,0.837678
6270,PL,0,3,17,4,0.00216082,0.00324514,0.665863
6280,PL,18,3,0,0,0.00235733,0.00148004,1.59275
6290,PL,13,3,12,3,0.00238242,0.00311748,0.764213
6300,PL,12,3,30,3,0.00225079,0.00251789,0.893918
6310,PL,15,3,15,3,0.00223381,0.0030873,0.72355
6320,PL,2,3,0,0,0.00216512,0.000920864,2.35118
6330,PL,0,3,19,3,0.00217046,0.00247893,0.875563
6340,PL,7,4,39,4,0.00226718,0.00377256,0.600967
6350,PL,19,5,0,0,0.00233408,0.00199043,1.17265
6360,PL,4,3,0,0,0.00252121,0.000990845,2.54451
6370,PL,0,3,0,0,0.00218296,0.000885554,2.46508
6380,PL,4,3,13,3,0.00218981,0.00231927,0.94418
6390,PL,10,3,6,3,0.00227471,0.00219845,1.03469
6400,PL,16,3,10,3,0.00230685,0.00282848,0.815579
6410,PL,9,3,0,0,0.00225862,0.00111938,2.01775
6420,PL,10,3,21,3,0.00229278,0.00240513,0.953287
6430,PL,0,3,23,4,0.00214511,0.00272078,0.788416
6440,PL,22,3,17,3,0.00252816,0.002504,1.00965
6450,PL,14,4,22,3,0.00249006,0.00337822,0.737094
6460,PL,3,3,26,3,0.00221038,0.00227258,0.972629
6470,PL,5,3,0,0,0.00216099,0.000937664,2.30465
6480,PL,22,3,0,0,0.00230257,0.00151557,1.51928
6490,PL,6,3,0,0,0.0023309,0.00117796,1.97877
6500,PL,15,3,0,0,0.00215117,0.00110896,1.93982
6510,PL,5,3,0,0,0.00217033,0.00118272,1.83504
6520,PL,6,3,0,0,0.00223104,0.00114815,1.94317
6530,PL,4,3,0,0,0.00258294,0.00107255,2.40824
6540,PL,4,3,11,3,0.00220825,0.00227185,0.972005
6550,PL,13,3,0,0,0.00236318,0.00125287,1.88622
6560,PL,12,3,0,0,0.00232595,0.00120341,1.93281
6570,PL,31,3,0,0,0.00254473,0.00176297,1.44344
6580,PL,39,3,5,3,0.00264045,0.00286335,0.922154
6590,PL,37,3,27,4,0.00240531,0.00398439,0.603684
6600,PL,3,3,0,0,0.00213817,0.00103811,2.05968
6610,PL,16,4,0,0,0.00217978,0.00155351,1.40314
6620,PL,8,3,26,4,0.00223523,0.00302387,0.739194
6630,PL,10,3,0,0,0.00230914,0.00118212,1.9534
6640,PL,32,3,0,0,0.00242563,0.00174237,1.39215
6650,PL,27,3,4,3,0.0021975,0.00338913,0.648398
6660,PL,28,4,0,0,0.00227763,0.00227217,1.0024
6670,PL,17,3,0,0,0.00229474,0.00159282,1.44068
6680,PL,7,3,0,0,0.00212582,0.00104247,2.03921
6690,PL,10,3,0,0,0.00225046,0.0010089,2.23062
6700,PL,6,3,0,0,0.00207876,0.00106606,1.94994
6710,PL,11,3,0,0,0.00215957,0.00113593,1.90116
6720,PL,15,3,8,3,0.00218442,0.00230586,0.947334
6730,PL,4,3,0,0,0.00215701,0.00100755,2.14086
6740,PL,25,3,11,3,0.00245125,0.00297252,0.824639
6750,PL,10,3,0,0,0.00217815,0.00143218,1.52087
6760,PL,8,5,7,3,0.00214211,0.00273546,0.783089
6770,PL,34,3,6,3,0.0025693,0.00303207,0.847374
6780,PL,0,3,70,3,0.00224335,0.00282072,0.795311
6790,PL,4,3,0,0,0.00219599,0.000970655,2.26238
6800,PL,40,3,6,3,0.00250536,0.00317936,0.788009
6810,PL,9,3,18,3,0.00211467,0.00265984,0.795036
6820,PL,10,3,31,3,0.00211565,0.00302443,0.699519
6830,PL,29,3,0,0,0.00237156,0.00165454,1.43337
6840,PL,0,3,0,0,0.00244476,0.000855494,2.85772
6850,PL,9,3,0,0,0.00228263,0.00111532,2.04661
6860,PL,6,3,0,0,0.00213442,0.000965315,2.21111
6870,PL,28,3,0,0,0.00252452,0.00179125,1.40936
6880,PL,0,3,0,0,0.00236155,0.000840854,2.80852
6890,PL,7,3,20,3,0.0021535,0.00236966,0.908779
6900,PL,28,4,0,0,0.00250942,0.00181793,1.38037
6910,PL,2,3,0,0,0.00229122,0.000891044,2.57139
6920,PL,5,3,0,0,0.0021637,0.00112502,1.92326
6930,PL,12,3,4,3,0.00220004,0.0027017,0.814316
6940,PL,6,3,0,0,0.00214594,0.00101402,2.11628
6950,PL,0,3,17,3,0.00220749,0.00284741,0.775261
6960,PL,11,3,0,0,0.002186,0.00111407,1.96217
6970,PL,6,3,0,0,0.00216294,0.000975945,2.21625
6980,PL,8,3,0,0,0.00215758,0.0011618,1.85709
6990,PL,15,3,14,3,0.00223842,0.00284868,0.785774
7000,PL,20,3,0,0,0.00246948,0.00137955,1.79007
7010,PL,31,3,7,3,0.00251942,0.00286625,0.878995
7020,PL,27,3,3,3,0.00258548,0.00283288,0.912668
7030,PL,7,3,45,3,0.00225303,0.0031355,0.718556
7040,PL,6,3,8,3,0.00214854,0.0020993,1.02346
7050,PL,49,4,0,0,0.00246392,0.00223478,1.10253
7060,PL,11,3,0,0,0.00226198,0.00122468,1.847
7070,PL,27,3,12,3,0.00222532,0.00281548,0.790387
7080,PL,5,3,0,0,0.00221102,0.0011013,2.00764
7090,PL,22,4,6,3,0.00222749,0.00269272,0.827227
7100,PL,18,3,4,3,0.00218806,0.00231931,0.94341
7110,PL,43,4,0,0,0.00239739,0.00189653,1.26409
7120,PL,0,3,0,0,0.00208474,0.000853504,2.44257
7130,PL,0,3,0,0,0.00208197,0.000863074,2.41227
7140,PL,5,3,0,0,0.0021544,0.00131721,1.63558
7150,PL,17,3,0,0,0.0022086,0.00136085,1.62296
7160,PL,44,4,8,3,0.00253417,0.00359253,0.705401
7170,PL,18,4,0,0,0.00215667,0.00147935,1.45785
7180,PL,9,4,2,3,0.0021392,0.00231507,0.924033
7190,PL,12,3,22,4,0.00215682,0.00331957,0.64973
7200,PL,10,3,0,0,0.0021128,0.00105094,2.01038
7210,PL,4,3,26,4,0.00214452,0.00288288,0.743881
7220,PL,8,3,30,4,0.00224003,0.00348118,0.643469
7230,PL,7,3,10,3,0.00209969,0.00236548,0.887637
7240,PL,0,3,0,0,0.00212641,0.000870895,2.44164
7250,PL,2,3,0,0,0.00213026,0.000945855,2.25221
7260,PL,14,3,67,3,0.0022931,0.00385082,0.595484
7270,PL,22,3,0,0,0.00212692,0.00122953,1.72987
7280,PL,5,3,0,0,0.00229135,0.00101261,2.26281
7290,PL,11,3,0,0,0.00219745,0.0011404,1.9269
7300,PL,20,3,10,3,0.00223205,0.00258871,0.862224
7310,PL,15,3,0,0,0.00217882,0.00159634,1.36489
7320,PL,6,3,0,0,0.00214846,0.00115217,1.86471
7330,PL,1,3,22,3,0.00214408,0.00206849,1.03654
7340,PL,0,3,0,0,0.00211222,0.000904535,2.33514
7350,PL,12,3,0,0,0.00218315,0.00117561,1.85704
7360,PL,6,3,0,0,0.00224502,0.00128515,1.7469
7370,PL,5,3,18,3,0.00217736,0.00232731,0.935569
7380,PL,17,3,11,3,0.00218479,0.00220136,0.992472
7390,PL,0,3,10,3,0.00217425,0.00193609,1.12301
7400,PL,40,3,0,0,0.00264967,0.00219976,1.20453
7410,PL,26,3,0,0,0.00258144,0.00167272,1.54326
7420,PL,45,3,4,3,0.00249364,0.00246451,1.01182
7430,PL,10,3,27,3,0.00227596,0.00322354,0.706045
7440,PL,18,3,26,4,0.00218663,0.00333805,0.655063
7450,PL,31,3,0,0,0.00236452,0.0012802,1.847
7460,PL,26,4,23,4,0.00228207,0.00400191,0.570245
7470,PL,6,3,17,4,0.00249162,0.00268061,0.929497
7480,PL,10,3,0,0,0.00227494,0.00126022,1.8052
7490,PL,0,3,0,0,0.00216093,0.000881824,2.45052
7500,PL,13,4,0,0,0.00227211,0.00167773,1.35428
7510,PL,3,3,0,0,0.00252627,0.000992875,2.5444
7520,PL,9,3,0,0,0.00224923,0.00135022,1.66583
7530,PL,11,3,4,3,0.00221345,0.00223119,0.992049
7540,PL,4,3,19,3,0.00225113,0.00255927,0.879598
7550,PL,12,3,0,0,0.00227826,0.00132192,1.72345
7560,PL,17,3,0,0,0.00225066,0.00146734,1.53384
7570,PL,20,3,0,0,0.00277038,0.00130121,2.12909
7580,PL,5,3,0,0,0.00213797,0.000908334,2.35373
7590,PL,1,3,0,0,0.00215699,0.000959975,2.24692
7600,PL,2,3,0,0,0.002175,0.000909734,2.39081
7610,PL,4,3,10,3,0.00258567,0.00218271,1.18461
7620,PL,10,3,0,0,0.0022648,0.00140567,1.61119
7630,PL,4,3,4,3,0.00220571,0.00200657,1.09924
7640,PL,48,3,16,3,0.00254904,0.00314188,0.81131
7650,PL,11,3,0,0,0.00228944,0.00110797,2.06633
7660,PL,7,3,0,0,0.00219192,0.00108289,2.02415
7670,PL,8,3,0,0,0.00224058,0.000985465,2.27363
7680,PL,12,3,23,4,0.00229479,0.00301924,0.760055
7690,PL,1,3,3,3,0.00217315,0.00220302,0.986441
7700,PL,0,3,0,0,0.00211604,0.000871314,2.42856
7710,PL,25,3,0,0,0.00247681,0.00137534,1.80088
7720,PL,4,3,0,0,0.00212559,0.000977954,2.17351
7730,PL,22,3,31,3,0.00230427,0.00262171,0.878918
7740,PL,30,3,21,3,0.00286802,0.00319892,0.896561
7750,PL,3,3,0,0,0.00216579,0.0010332,2.09619
7760,PL,22,3,11,3,0.00266201,0.0028053,0.948921
7770,PL,32,3,16,6,0.00260749,0.00404833,0.644091
7780,PL,28,3,0,0,0.00251423,0.00169423,1.484
7790,PL,19,3,0,0,0.00218537,0.00124176,1.7599
7800,PL,32,4,16,3,0.00260683,0.00270067,0.965253
7810,PL,36,3,0,0,0.002394,0.00171195,1.39841
7820,PL,29,3,39,3,0.00242397,0.00347385,0.697777
7830,PL,16,3,0,0,0.00224927,0.00111059,2.0253
7840,PL,33,3,0,0,0.00259141,0.00156611,1.65468
7850,PL,26,3,0,0,0.0027718,0.00194168,1.42753
7860,PL,16,3,0,0,0.00257442,0.0013305,1.93493
7870,PL,7,3,0,0,0.00210214,0.00123328,1.70452
7880,PL,10,3,0,0,0.00247718,0.0011328,2.18677
7890,PL,16,3,0,0,0.002427,0.00152515,1.59132
7900,PL,50,4,10,3,0.00257864,0.00385055,0.669682
7910,PL,22,3,17,3,0.00228639,0.00317591,0.719918
7920,PL,1,3,37,4,0.00247268,0.00294005,0.841033
7930,PL,11,3,0,0,0.00221603,0.00120699,1.836
7940,PL,6,3,0,0,0.00212082,0.00121544,1.7449
7950,PL,0,3,0,0,0.00212954,0.000872584,2.4405
7960,PL,8,4,22,4,0.0022467,0.00415378,0.540881
7970,PL,37,3,4,3,0.00249695,0.0028888,0.864355
7980,PL,23,3,0,0,0.00247772,0.00165747,1.49488
7990,PL,18,3,0,0,0.00223559,0.00119024,1.87828
8000,PL,25,3,0,0,0.00258228,0.0014479,1.78347
8010,PL,0,3,0,0,0.00222791,0.000944295,2.35934
8020,PL,22,3,23,5,0.00255402,0.00331235,0.771061
8030,PL,11,3,0,0,0.0022677,0.00117272,1.93372
8040,PL,4,3,12,3,0.00222238,0.00252008,0.881868
8050,PL,52,5,12,3,0.00248985,0.00398371,0.625009
8060,PL,20,3,0,0,0.0025426,0.0017478,1.45475
8070,PL,32,3,0,0,0.0025921,0.00159,1.63026
8080,PL,17,3,15,3,0.00244333,0.00287105,0.851023
8090,PL,10,3,0,0,0.0024243,0.00127611,1.89976
8100,PL,52,3,0,0,0.00265335,0.0019106,1.38875
8110,PL,31,3,18,3,0.00224841,0.00341874,0.657673
8120,PL,9,3,11,3,0.00221835,0.00269032,0.824567
8130,PL,11,3,0,0,0.00217057,0.00109416,1.98379
8140,PL,0,3,0,0,0.00213107,0.000882334,2.41527
8150,PL,12,3,0,0,0.00224846,0.00124088,1.81199
8160,PL,34,5,0,0,0.00255226,0.00198063,1.28861
8170,PL,6,3,25,3,0.00220281,0.0029514,0.746362
8180,PL,23,4,6,3,0.00238113,0.00300505,0.792376
8190,PL,8,3,16,3,0.00222207,0.00271397,0.818752
8200,PL,7,3,0,0,0.0022379,0.00104248,2.1467
8210,PL,18,3,0,0,0.00219882,0.00115399,1.90541
8220,PL,26,3,0,0,0.00246408,0.00159023,1.54951
8230,PL,23,3,0,0,0.00228785,0.00154977,1.47625
8240,PL,27,3,12,3,0.00226483,0.00292291,0.774854
8250,PL,10,3,3,3,0.00213928,0.00212403,1.00718
8260,PL,9,3,16,3,0.00220249,0.00244086,0.902341
8270,PL,51,4,0,0,0.00237702,0.00208936,1.13768
8280,PL,9,3,0,0,0.00221303,0.00131186,1.68695
8290,PL,7,3,0,0,0.00229935,0.00111041,2.07073
8300,PL,0,3,24,4,0.00224504,0.0030498,0.736128
8310,PL,6,3,15,4,0.00225585,0.00301966,0.747054
8320,PL,24,3,5,3,0.00268525,0.00296496,0.905664
8330,PL,19,4,0,0,0.00227035,0.00200017,1.13508
8340,PL,35,3,0,0,0.00266116,0.00149882,1.77551
8350,PL,3,3,0,0,0.00217452,0.000955775,2.27514
8360,PL,17,3,0,0,0.00223824,0.00119582,1.87171
8370,PL,26,3,18,3,0.00232729,0.00263215,0.884178
8380,PL,24,3,0,0,0.00252534,0.00183996,1.3725
8390,PL,22,3,0,0,0.0026661,0.0016979,1.57024
8400,PL,41,4,0,0,0.00262108,0.00299587,0.874897
8410,PL,15,3,0,0,0.00247243,0.00127831,1.93415
8420,PL,32,3,0,0,0.00257854,0.00211587,1.21867
8430,PL,14,4,0,0,0.00232279,0.00146408,1.58652
8440,PL,12,3,16,3,0.00225969,0.0029571,0.764156
8450,PL,5,3,15,3,0.00220012,0.00229916,0.956923
8460,PL,17,3,29,3,0.00273911,0.00331232,0.826948
8470,PL,29,4,0,0,0.00247297,0.00171554,1.44151
8480,PL,17,3,23,3,0.00226134,0.00259553,0.871244
8490,PL,9,3,0,0,0.00268063,0.00118992,2.25279
8500,PL,11,3,31,4,0.00223352,0.00378615,0.589919
8510,PL,5,3,12,3,0.00245581,0.00279626,0.878248
8520,PL,3,3,6,3,0.00216313,0.0021772,0.993538
8530,PL,10,3,12,3,0.00223565,0.00269774,0.828712
8540,PL,7,3,0,0,0.0022471,0.00119105,1.88665
8550,PL,23,3,0,0,0.00257101,0.00151248,1.69987
8560,PL,0,3,0,0,0.00265069,0.000890195,2.97765
8570,PL,10,3,0,0,0.00229189,0.00100472,2.28111
8580,PL,9,3,0,0,0.0021915,0.00107602,2.03666
8590,PL,22,3,3,3,0.00223455,0.00290417,0.769427
8600,PL,9,3,0,0,0.00225452,0.00119773,1.88233
8610,PL,8,3,18,4,0.00221088,0.00281999,0.784004
8620,PL,28,3,0,0,0.00264085,0.00165309,1.59753
8630,PL,17,3,0,0,0.00267688,0.00137229,1.95067
8640,PL,38,3,31,3,0.00251463,0.00358948,0.700556
8650,PL,20,3,0,0,0.00223802,0.00112068,1.99703
8660,PL,3,3,12,3,0.00216363,0.00209806,1.03125
8670,PL,11,3,0,0,0.00280776,0.00131716,2.13168
8680,PL,17,3,20,3,0.00263789,0.00281757,0.936229
8690,PL,31,3,0,0,0.0027141,0.00192429,1.41044
8700,PL,3,3,3,3,0.0022023,0.00216836,1.01565
8710,PL,14,3,9,3,0.00219724,0.00249036,0.882298
8720,PL,4,3,6,3,0.00222976,0.00209464,1.06451
8730,PL,14,3,0,0,0.00224917,0.00117794,1.90942
8740,PL,20,3,0,0,0.00236978,0.00153331,1.54554
8750,PL,17,3,16,3,0.0024562,0.00278417,0.882202
8760,PL,14,3,0,0,0.00219723,0.00144286,1.52283
8770,PL,18,4,0,0,0.00259675,0.00183884,1.41217
8780,PL,4,3,0,0,0.00217407,0.00104513,2.0802
8790,PL,24,3,0,0,0.00255936,0.00204668,1.25049
8800,PL,27,3,0,0,0.00231291,0.00154155,1.50038
8810,PL,4,3,0,0,0.00217495,0.000978965,2.22168
8820,PL,18,4,0,0,0.00256396,0.00192837,1.3296
8830,PL,0,3,0,0,0.00215104,0.000876284,2.45473
8840,PL,2,3,0,0,0.00218993,0.000899145,2.43557
8850,PL,2,3,0,0,0.00255192,0.000923725,2.76264
8860,PL,5,3,14,3,0.00222916,0.00232969,0.956848
8870,PL,0,3,0,0,0.0022081,0.000881404,2.50521
8880,PL,13,3,0,0,0.00226832,0.0011832,1.91711
8890,PL,13,3,0,0,0.0023542,0.00106672,2.20696
8900,PL,13,4,0,0,0.00221606,0.00144532,1.53327
8910,PL,0,3,0,0,0.00213666,0.000869444,2.4575
8920,PL,4,3,0,0,0.00219989,0.00108365,2.03007
8930,PL,4,3,0,0,0.00218988,0.000931975,2.34972
8940,PL,55,6,0,0,0.00259116,0.00264188,0.980802
8950,PL,3,3,0,0,0.00235563,0.00117842,1.99898
8960,PL,21,3,0,0,0.00255607,0.00137666,1.85673
8970,PL,16,5,0,0,0.00225677,0.00231094,0.976559
8980,PL,15,3,0,0,0.00232818,0.00118449,1.96556
8990,PL,34,3,0,0,0.00239061,0.00192318,1.24305
9000,PL,10,3,0,0,0.00228225,0.00106908,2.13479
9010,PL,0,3,0,0,0.00221305,0.000890594,2.48492
9020,PL,3,3,30,3,0.00220086,0.00234861,0.93709
9030,PL,25,3,0,0,0.00247921,0.00166548,1.48859
9040,PL,5,3,10,3,0.00222146,0.00246337,0.901796
9050,PL,7,3,14,4,0.00219249,0.00282963,0.774832
9060,PL,13,3,0,0,0.0023779,0.00126049,1.8865
9070,PL,11,3,6,3,0.00222788,0.00261035,0.853478
9080,PL,4,3,0,0,0.00216566,0.00107518,2.01424
9090,PL,11,3,3,3,0.00222575,0.00251154,0.886209
9100,PL,3,3,0,0,0.00217377,0.000894215,2.43093
9110,PL,16,3,0,0,0.00227572,0.0013103,1.7368
9120,PL,10,3,20,3,0.00219915,0.00262976,0.836254
9130,PL,29,3,26,3,0.00258099,0.00336698,0.766561
9140,PL,21,3,0,0,0.00236267,0.001473,1.60399
9150,PL,2,3,0,0,0.00223757,0.000968875,2.30945
9160,PL,19,3,0,0,0.00229429,0.00147619,1.5542
9170,PL,28,3,0,0,0.00227689,0.00161079,1.41353
9180,PL,14,3,3,3,0.00232667,0.00249654,0.931958
9190,PL,8,3,0,0,0.00229587,0.000989934,2.31922
9200,PL,29,3,0,0,0.00258046,0.00177247,1.45586
9210,PL,14,3,0,0,0.00218272,0.00112048,1.94803
9220,PL,36,4,5,3,0.00255762,0.00332119,0.770093
9230,PL,24,3,0,0,0.00225165,0.00119654,1.88181
9240,PL,28,3,4,3,0.00252856,0.00263232,0.960582
9250,PL,26,3,0,0,0.00225691,0.00167983,1.34354
9260,PL,3,3,12,3,0.00221285,0.00254834,0.868349
9270,PL,10,3,21,5,0.00227851,0.00338903,0.67232
9280,PL,3,3,21,4,0.00229747,0.0030602,0.750757
9290,PL,28,3,0,0,0.00263641,0.00158099,1.66757
9300,PL,8,3,0,0,0.00226859,0.00109559,2.07066
9310,PL,9,3,0,0,0.0022162,0.00111533,1.98704
9320,PL,31,3,10,3,0.00251517,0.00282831,0.889283
9330,PL,43,4,0,0,0.0023821,0.00205071,1.1616
9340,PL,25,3,8,3,0.00240812,0.00281223,0.856302
9350,PL,6,3,8,3,0.00215074,0.00226873,0.947992
9360,PL,8,3,0,0,0.00213144,0.00121733,1.75092
9370,PL,37,3,0,0,0.00256186,0.00191771,1.3359
9380,PL,25,3,0,0,0.00251297,0.00156074,1.61012
9390,PL,14,3,8,3,0.00225311,0.00248297,0.907425
9400,PL,3,3,9,4,0.00222807,0.00273486,0.814691
9410,PL,5,3,0,0,0.00220329,0.00108479,2.03109
9420,PL,28,3,0,0,0.00257509,0.00177114,1.45392
9430,PL,9,3,4,3,0.0022539,0.00242899,0.927916
9440,PL,12,3,22,3,0.00264587,0.00301714,0.876946
9450,PL,8,3,57,3,0.00237464,0.00364573,0.651349
9460,PL,21,3,0,0,0.00224017,0.00124193,1.80379
9470,PL,9,3,0,0,0.00220052,0.00127862,1.72102
9480,PL,0,3,0,0,0.00214342,0.000875034,2.44953
9490,PL,26,3,0,0,0.00253308,0.00180199,1.40572
9500,PL,22,4,0,0,0.0025009,0.00184418,1.35611
9510,PL,13,3,15,3,0.00231646,0.00242509,0.955205
9520,PL,4,3,9,3,0.00262782,0.00237514,1.10639
9530,PL,9,3,18,3,0.00243597,0.00254404,0.957521
9540,PL,38,4,0,0,0.00253264,0.00224534,1.12795
9550,PL,17,3,0,0,0.00249644,0.00137973,1.80937
9560,PL,11,3,0,0,0.00217317,0.00104042,2.08873
9570,PL,4,3,37,3,0.00223599,0.00297382,0.751893
9580,PL,3,3,0,0,0.00211952,0.000960955,2.20564
9590,PL,15,3,26,3,0.00238247,0.00286988,0.830163
9600,PL,5,3,0,0,0.00230507,0.00162002,1.42287
9610,PL,12,3,7,3,0.00234434,0.00224006,1.04655
9620,PL,1,3,0,0,0.00212923,0.000971065,2.19268
9630,PL,13,3,0,0,0.00221587,0.00124651,1.77767
9640,PL,16,3,0,0,0.00249981,0.00139285,1.79475
9650,PL,5,3,7,3,0.00221569,0.00198215,1.11782
9660,PL,4,3,17,3,0.00226559,0.0023538,0.962524
9670,PL,12,3,0,0,0.00218978,0.00140189,1.56202
9680,PL,12,3,0,0,0.00221855,0.00129397,1.71454
9690,PL,0,3,0,0,0.00213377,0.000875184,2.43808
9700,PL,0,3,0,0,0.00211686,0.000900125,2.35174
9710,PL,10,3,0,0,0.00223534,0.0012654,1.76651
9720,PL,32,4,22,3,0.00265985,0.00354645,0.750005
9730,PL,4,3,0,0,0.00213845,0.000931575,2.29552
9740,PL,0,3,61,4,0.00216058,0.00351135,0.615314
9750,PL,11,3,0,0,0.00227853,0.0012929,1.76235
9760,PL,4,3,18,4,0.00218569,0.00291432,0.749982
9770,PL,3,3,0,0,0.0021589,0.000920574,2.34517
9780,PL,8,3,0,0,0.00218871,0.00111651,1.96032
9790,PL,16,3,22,3,0.00229053,0.00268541,0.852953
9800,PL,7,3,0,0,0.00213504,0.0010791,1.97855
9810,PL,0,3,0,0,0.00211015,0.000843675,2.50114
9820,PL,8,3,10,3,0.0021704,0.00208875,1.03909
9830,PL,24,3,0,0,0.00224994,0.00140283,1.60386
9840,PL,2,3,0,0,0.00224314,0.000880034,2.54893
9850,PL,5,3,0,0,0.00217108,0.00106838,2.03213
9860,PL,5,3,19,3,0.00216777,0.00229985,0.94257
9870,PL,21,3,17,3,0.0022998,0.0031813,0.722913
9880,PL,19,3,35,4,0.00223016,0.00321261,0.694191
9890,PL,2,3,8,3,0.00218863,0.00199951,1.09458
9900,PL,22,3,19,3,0.00219665,0.00320901,0.684525
9910,PL,12,3,0,0,0.00217147,0.00119502,1.81711
9920,PL,6,3,24,4,0.0021392,0.00297345,0.719433
9930,PL,14,3,0,0,0.00211927,0.00120412,1.76002
9940,PL,0,3,0,0,0.00249869,0.000853694,2.92692
9950,PL,14,3,0,0,0.0024302,0.00173121,1.40376
9960,PL,5,3,0,0,0.00213125,0.000916275,2.32599
9970,PL,39,5,15,3,0.00255028,0.00370063,0.689148
9980,PL,36,3,2,3,0.00254548,0.00298336,0.853225
9990,PL,2,3,0,0,0.0021491,0.000924205,2.32535
10000,PL,10,3,0,0,0.00215304,0.00101862,2.11369
10010,PL,14,3,0,0,0.00220434,0.00148622,1.48319
10020,PL,19,3,47,3,0.0027861,0.00368911,0.755224
10030,PL,22,3,7,3,0.00220842,0.00254947,0.866227
10040,PL,0,3,0,0,0.00217075,0.000914615,2.3734
10050,PL,7,3,3,3,0.00224564,0.00207195,1.08383
10060,PL,9,3,6,3,0.00215604,0.00211523,1.01929
10070,PL,3,3,11,3,0.00220903,0.00262358,0.84199
10080,PL,13,3,16,3,0.00217613,0.00279765,0.777841
10090,PL,4,3,12,3,0.00216714,0.00221378,0.978932
10100,PL,37,4,47,4,0.00262319,0.00437399,0.599725
10110,PL,16,3,0,0,0.00235535,0.00139715,1.68583
10120,PL,0,3,0,0,0.00215971,0.000910445,2.37215
10130,PL,7,3,19,3,0.00224149,0.00278558,0.804675
10140,PL,21,3,24,3,0.00243621,0.00321877,0.756878
10150,PL,19,3,26,3,0.00244124,0.00307516,0.79386
10160,PL,33,3,0,0,0.0022623,0.00135172,1.67365
10170,PL,0,3,9,3,0.00234893,0.0021824,1.07631
10180,PL,19,4,5,3,0.00223388,0.00253952,0.879646
10190,PL,27,4,21,3,0.00220679,0.00325976,0.676979
10200,PL,0,3,24,3,0.00214635,0.00257588,0.833248
10210,PL,18,3,0,0,0.00224723,0.00139117,1.61536
10220,PL,7,4,4,3,0.00222704,0.00275036,0.809726
10230,PL,6,3,7,3,0.00228789,0.00230557,0.992332
10240,PL,0,3,0,0,0.00214958,0.000873294,2.46146
10250,PL,14,3,19,4,0.0022718,0.00313487,0.724688
10260,PL,0,3,9,3,0.00214548,0.00204923,1.04697
10270,PL,0,3,0,0,0.00219505,0.000890404,2.46523
10280,PL,9,3,0,0,0.00230592,0.00116092,1.98629
10290,PL,0,3,4,3,0.00215342,0.00223439,0.963762
10300,PL,3,3,0,0,0.00219613,0.00105436,2.08291
10310,PL,62,3,0,0,0.00269611,0.00169508,1.59055
10320,PL,4,3,12,3,0.00221501,0.00284137,0.779556
10330,PL,7,3,5,3,0.00232757,0.00220886,1.05374
10340,PL,14,4,16,3,0.00222576,0.00277214,0.802902
10350,PL,6,3,0,0,0.0022748,0.00126142,1.80337
10360,PL,3,3,14,3,0.00219661,0.00229303,0.95795
10370,PL,18,3,0,0,0.00266563,0.00162242,1.643
10380,PL,18,3,0,0,0.00260479,0.00141461,1.84136
10390,PL,0,3,0,0,0.00217959,0.000881304,2.47314
10400,PL,11,3,8,3,0.00220759,0.00234583,0.94107
10410,PL,13,3,0,0,0.00226411,0.00140771,1.60837
10420,PL,42,5,0,0,0.00252382,0.00200871,1.25644
10430,PL,8,3,4,3,0.0022371,0.00238398,0.938388
10440,PL,7,3,15,4,0.00236813,0.00284819,0.83145
10450,PL,13,3,0,0,0.00233187,0.00137149,1.70025
10460,PL,5,4,19,3,0.00235326,0.00290413,0.810314
10470,PL,11,3,0,0,0.00222695,0.00114699,1.94157
10480,PL,30,4,36,3,0.00249713,0.00407931,0.612146
10490,PL,20,4,0,0,0.00231511,0.00175688,1.31774
10500,PL,17,3,0,0,0.00223156,0.00160038,1.3944
10510,PL,3,3,25,3,0.00239533,0.00228933,1.0463
10520,PL,0,3,0,0,0.00217512,0.000891564,2.43967
10530,PL,15,3,20,3,0.00233595,0.00314706,0.742266
10540,PL,25,4,12,3,0.00252315,0.00333918,0.755621
10550,PL,3,3,0,0,0.00218663,0.00117072,1.86777
10560,PL,0,3,0,0,0.0021311,0.000912704,2.33493
10570,PL,17,3,28,3,0.0022342,0.0033804,0.660929
10580,PL,18,3,11,3,0.00271505,0.0024474,1.10936
10590,PL,15,3,0,0,0.00242706,0.00136274,1.78102
10600,PL,2,3,15,3,0.00222196,0.00231545,0.959623
10610,PL,4,3,0,0,0.00220923,0.00109393,2.01954
10620,PL,7,3,0,0,0.00225775,0.00114613,1.9699
10630,PL,2,3,0,0,0.00222477,0.000916034,2.4287
10640,PL,17,3,0,0,0.00260473,0.00149161,1.74626
10650,PL,26,3,0,0,0.00262871,0.00164038,1.6025
10660,PL,0,3,0,0,0.002168,0.000880724,2.46161
10670,PL,3,3,0,0,0.00255512,0.000962015,2.65601
10680,PL,21,3,0,0,0.0023465,0.00132103,1.77627
10690,PL,1,3,0,0,0.00220332,0.000922605,2.38815
10700,PL,6,3,9,3,0.00217311,0.00202982,1.07059
10710,PL,4,3,0,0,0.00216929,0.000978665,2.21658
10720,PL,0,3,0,0,0.00216297,0.000887855,2.43617
10730,PL,18,3,0,0,0.00223333,0.00117792,1.896
10740,PL,13,3,0,0,0.00259412,0.00138889,1.86777
10750,PL,10,3,3,3,0.00221379,0.00241853,0.915345
10760,PL,15,3,10,3,0.00231125,0.00267559,0.863828
10770,PL,6,3,0,0,0.00252987,0.00133962,1.8885
10780,PL,4,3,0,0,0.00215481,0.00108508,1.98586
10790,PL,3,3,0,0,0.00219352,0.00105119,2.08671
10800,PL,4,3,11,3,0.00218755,0.00310969,0.703462
10810,PL,7,3,0,0,0.00215591,0.00117246,1.83878
10820,PL,5,3,28,4,0.00220278,0.00347244,0.634362
10830,PL,13,3,0,0,0.00222966,0.00118197,1.8864
10840,PL,4,3,0,0,0.00224372,0.000938954,2.3896
10850,PL,0,3,0,0,0.00213696,0.000877374,2.43563
10860,PL,4,3,0,0,0.00217693,0.000962115,2.26265
10870,PL,2,3,24,4,0.00260567,0.00285947,0.911242
10880,PL,3,3,0,0,0.00256341,0.000922225,2.7796
10890,PL,10,3,0,0,0.0023449,0.00107799,2.17526
10900,PL,9,3,0,0,0.00228735,0.001336,1.71209
10910,PL,22,3,0,0,0.0026168,0.00156204,1.67525
10920,PL,0,3,0,0,0.00227936,0.000915805,2.48892
10930,PL,7,3,0,0,0.00255441,0.00104965,2.4336
10940,PL,25,3,0,0,0.00260422,0.0015657,1.6633
10950,PL,10,3,14,3,0.00223344,0.00265215,0.842124
10960,PL,15,3,0,0,0.00259392,0.0015805,1.64121
10970,PL,2,3,11,3,0.0022248,0.00294687,0.75497
10980,PL,4,3,0,0,0.00224879,0.00100151,2.24539
10990,PL,12,3,10,3,0.00248307,0.0026973,0.920576
11000,PL,19,4,22,3,0.00233216,0.00368002,0.633736
11010,PL,1,3,0,0,0.00211881,0.00101578,2.0859
11020,PL,15,3,0,0,0.0022377,0.00137728,1.62473
11030,PL,23,3,0,0,0.00239478,0.00187812,1.2751
11040,PL,34,3,18,4,0.00237172,0.00363904,0.651744
11050,PL,15,3,17,4,0.00255696,0.00329083,0.776997
11060,PL,30,3,0,0,0.00255007,0.00180836,1.41016
11070,PL,23,3,0,0,0.0023108,0.00135463,1.70586
11080,PL,19,3,0,0,0.00261909,0.00155466,1.68468
11090,PL,17,3,7,3,0.0023287,0.00324634,0.717332
11100,PL,2,3,15,4,0.00218434,0.0024474,0.892514
11110,PL,14,3,9,3,0.00221579,0.0031822,0.696309
11120,PL,31,4,18,5,0.00233855,0.00419893,0.55694
11130,PL,8,3,9,3,0.00248507,0.00226082,1.09919
11140,PL,6,3,35,4,0.00232085,0.00363855,0.637851
11150,PL,3,3,52,3,0.00229456,0.00333221,0.688601
11160,PL,0,3,17,3,0.00218655,0.00225337,0.970347
11170,PL,35,3,0,0,0.00244445,0.00145396,1.68124
11180,PL,4,3,0,0,0.00223565,0.00106416,2.10087
11190,PL,7,3,0,0,0.00220876,0.00102331,2.15844
11200,PL,19,3,21,4,0.00262013,0.00338583,0.773853
11210,PL,16,3,0,0,0.00272211,0.00149948,1.81537
11220,PL,47,5,0,0,0.00260145,0.00258558,1.00614
11230,PL,28,3,0,0,0.0025856,0.00185589,1.39319
11240,PL,39,3,2,3,0.00254341,0.00295948,0.859411
11250,PL,21,3,23,4,0.00259197,0.00333185,0.777939
11260,PL,8,3,10,3,0.00250704,0.00239893,1.04507
11270,PL,27,4,0,0,0.002556,0.00233152,1.09628
11280,PL,30,3,0,0,0.00238999,0.00187255,1.27633
11290,PL,16,3,0,0,0.00239115,0.00109599,2.18172
11300,PL,38,3,2,3,0.00248558,0.0031107,0.799044
11310,PL,3,3,0,0,0.00222365,0.000943114,2.35778
11320,PL,7,3,0,0,0.00222351,0.00139581,1.59299
11330,PL,11,3,0,0,0.00227118,0.000968774,2.34439
11340,PL,4,3,0,0,0.00234245,0.00106924,2.19075
11350,PL,14,3,0,0,0.0022954,0.00123664,1.85617
11360,PL,0,3,0,0,0.00215177,0.000912874,2.35714
11370,PL,10,3,0,0,0.00221865,0.00123155,1.80152
11380,PL,21,4,0,0,0.0024311,0.00186236,1.30539
11390,PL,1,3,21,3,0.00221041,0.00262639,0.841615
11400,PL,17,3,0,0,0.00237486,0.00166543,1.42598
11410,PL,9,3,8,3,0.00251569,0.00235218,1.06951
11420,PL,6,3,12,3,0.00223072,0.00222451,1.00279
11430,PL,24,3,6,3,0.002279,0.00237806,0.958344
11440,PL,24,4,14,3,0.00250508,0.00325303,0.770077
11450,PL,19,3,19,3,0.00249842,0.00263255,0.949049
11460,PL,5,3,8,3,0.00220575,0.0023095,0.955076
11470,PL,10,3,0,0,0.00230454,0.00114697,2.00925
11480,PL,3,3,0,0,0.00216949,0.000918294,2.36252
11490,PL,1,3,0,0,0.00233318,0.00103481,2.25469
11500,PL,32,3,0,0,0.00236135,0.00167506,1.40971
11510,PL,10,3,0,0,0.00233163,0.00129758,1.79691
11520,PL,2,3,0,0,0.00215337,0.000945365,2.27782
11530,PL,5,3,0,0,0.00216268,0.00109958,1.96681
11540,PL,23,3,13,3,0.00223955,0.00223353,1.0027
11550,PL,10,3,9,3,0.00220195,0.00250551,0.878843
11560,PL,25,4,0,0,0.00256528,0.00180006,1.42511
11570,PL,6,3,0,0,0.00224561,0.00129857,1.7293
11580,PL,22,3,14,4,0.00241185,0.00327841,0.735678
11590,PL,7,3,15,3,0.00240143,0.00248626,0.965881
11600,PL,2,3,0,0,0.00224435,0.000938964,2.39024
11610,PL,11,3,0,0,0.00226588,0.00145452,1.55782
11620,PL,1,3,0,0,0.00283711,0.000920364,3.0826
11630,PL,0,3,0,0,0.0022599,0.000912835,2.47569
11640,PL,9,3,0,0,0.00223423,0.00123729,1.80575
11650,PL,0,3,3,3,0.00217155,0.00221932,0.978475
11660,PL,11,3,0,0,0.00252806,0.00136084,1.85773
11670,PL,29,4,8,3,0.00243304,0.0030271,0.803752
11680,PL,8,3,0,0,0.00264811,0.0011765,2.25085
11690,PL,32,3,68,4,0.00249148,0.00485628,0.513043
11700,PL,6,3,23,3,0.00220905,0.00294154,0.750983
11710,PL,18,3,0,0,0.00260579,0.00153543,1.69711
11720,PL,22,5,11,3,0.00239955,0.00326463,0.735016
11730,PL,11,3,0,0,0.00227158,0.00133946,1.6959
11740,PL,0,3,0,0,0.00214409,0.000895704,2.39375
11750,PL,9,3,0,0,0.00227852,0.00153018,1.48906
11760,PL,6,3,0,0,0.00225343,0.0011118,2.02682
11770,PL,3,3,0,0,0.002216,0.00108283,2.0465
11780,PL,26,3,0,0,0.00248274,0.00191218,1.29838
11790,PL,1,3,0,0,0.00218519,0.000910965,2.39876
11800,PL,5,3,0,0,0.00226334,0.00115105,1.96633
11810,PL,8,3,24,3,0.00224578,0.00284062,0.790594
11820,PL,23,4,0,0,0.00221053,0.00149892,1.47475
11830,PL,3,3,0,0,0.00232801,0.00110413,2.10846
11840,PL,9,3,23,3,0.00221094,0.00246522,0.896853
11850,PL,12,3,17,3,0.00219896,0.00275048,0.799482
11860,PL,9,3,0,0,0.00220101,0.00121473,1.81194
11870,PL,35,3,0,0,0.00239165,0.00173203,1.38084
11880,PL,17,3,0,0,0.00228257,0.00127947,1.784
11890,PL,4,3,0,0,0.00216105,0.000928694,2.32698
11900,PL,1,3,0,0,0.00218898,0.000887234,2.4672
11910,PL,11,3,0,0,0.00218509,0.00112298,1.94581
11920,PL,5,3,28,3,0.00224614,0.00300976,0.746287
11930,PL,7,3,0,0,0.002252,0.0011585,1.9439
11940,PL,10,3,0,0,0.00225709,0.0014739,1.53138
11950,PL,15,3,0,0,0.00223649,0.00126708,1.76508
11960,PL,13,3,42,4,0.00252135,0.00334457,0.753866
11970,PL,4,3,0,0,0.00220964,0.000931675,2.37169
11980,PL,24,3,0,0,0.00247322,0.0014076,1.75705
11990,PL,22,3,22,3,0.00244539,0.00311193,0.785811
12000,PL,31,3,7,3,0.00235588,0.00292803,0.804595
12010,PL,0,3,3,3,0.00213169,0.0022283,0.956643
12020,PL,7,3,0,0,0.00216874,0.00107281,2.02154
12030,PL,4,3,14,4,0.00217627,0.00238719,0.911645
12040,PL,15,3,0,0,0.00218692,0.00120164,1.81995
12050,PL,8,3,0,0,0.00250385,0.00111015,2.25543
12060,PL,0,3,28,5,0.0022177,0.00289544,0.765927
12070,PL,15,3,0,0,0.0021991,0.00119838,1.83507
12080,PL,16,3,0,0,0.00227827,0.0013777,1.65368
12090,PL,2,3,24,3,0.00223798,0.0026801,0.835035
12100,PL,9,3,0,0,0.00220746,0.000996885,2.21436
12110,PL,6,3,0,0,0.00222233,0.000914395,2.43038
12120,PL,12,3,37,3,0.00221955,0.00343725,0.645735
12130,PL,19,4,0,0,0.00222214,0.00139159,1.59684
12140,PL,15,3,0,0,0.00227201,0.00145726,1.5591
12150,PL,6,3,11,3,0.00217528,0.00239409,0.908603
12160,PL,4,3,0,0,0.00220411,0.00111191,1.98228
12170,PL,0,3,16,4,0.00213973,0.00304714,0.70221
12180,PL,19,3,0,0,0.002157,0.00126053,1.71119
12190,PL,1,3,12,3,0.00220947,0.00215855,1.02359
12200,PL,5,3,0,0,0.00224051,0.00101994,2.19672
12210,PL,29,3,0,0,0.00222726,0.00160145,1.39078
12220,PL,6,3,28,3,0.00231808,0.00282558,0.82039
12230,PL,19,3,0,0,0.00225647,0.00195411,1.15473
12240,PL,0,3,3,3,0.00211861,0.00183113,1.157
12250,PL,1,3,14,3,0.00219346,0.00255098,0.85985
12260,PL,8,3,0,0,0.00223934,0.00129639,1.72737
12270,PL,2,3,0,0,0.00215961,0.000915134,2.35989
12280,PL,0,3,0,0,0.00225696,0.000873094,2.58501
12290,PL,9,3,6,3,0.00223605,0.00230712,0.969195
12300,PL,11,3,7,3,0.00219198,0.00266598,0.822203
12310,PL,0,3,0,0,0.00214991,0.000910565,2.36107
12320,PL,0,3,0,0,0.00269374,0.000862944,3.12157
12330,PL,0,3,21,4,0.00228669,0.00298432,0.766236
12340,PL,18,3,24,3,0.0025085,0.00320312,0.783144
12350,PL,10,3,0,0,0.00220574,0.00116504,1.89327
12360,PL,5,3,0,0,0.00233643,0.000954125,2.44877
12370,PL,10,3,13,3,0.00221634,0.00227753,0.973133
12380,PL,0,3,0,0,0.00219438,0.000911974,2.40619
12390,PL,12,3,0,0,0.00213176,0.00113081,1.88517
12400,PL,13,3,13,3,0.00216221,0.00250111,0.864499
12410,PL,4,3,0,0,0.00259218,0.00117928,2.19811
12420,PL,8,3,0,0,0.00220493,0.00121165,1.81978
12430,PL,10,3,14,3,0.00239394,0.00296658,0.806969
12440,PL,0,3,0,0,0.00216398,0.000890134,2.43107
12450,PL,21,3,0,0,0.00226559,0.00175685,1.28958
12460,PL,4,3,0,0,0.00223845,0.00116015,1.92946
12470,PL,8,3,0,0,0.00226314,0.00114113,1.98324
12480,PL,6,3,0,0,0.00226884,0.000941455,2.40993
12490,PL,6,3,0,0,0.00224912,0.00105848,2.12487
12500,PL,12,3,21,4,0.00228202,0.00317931,0.717773
12510,PL,6,3,13,3,0.00216877,0.00224351,0.966686
12520,PL,0,3,0,0,0.0021332,0.000868114,2.45728
12530,PL,1,3,7,3,0.00220028,0.00186527,1.17961
12540,PL,15,3,0,0,0.00233303,0.00129856,1.79663
12550,PL,11,3,12,3,0.00219695,0.00225658,0.973575
12560,PL,9,3,29,3,0.00227708,0.00302278,0.753308
12570,PL,29,3,8,3,0.00271548,0.0033197,0.817991
12580,PL,11,3,0,0,0.0022617,0.0011083,2.04068
12590,PL,23,3,0,0,0.00221663,0.00154319,1.4364
12600,PL,3,3,0,0,0.00220596,0.00102542,2.15127
12610,PL,13,3,0,0,0.00227417,0.0013763,1.65238
12620,PL,19,3,58,3,0.00247391,0.00417106,0.593114
12630,PL,7,3,7,3,0.00228556,0.00238745,0.957322
12640,PL,0,3,10,3,0.00257039,0.0019743,1.30193
12650,PL,1,3,0,0,0.00225489,0.000923675,2.44122
12660,PL,0,3,0,0,0.00217881,0.000903735,2.41089
12670,PL,32,3,25,3,0.00261117,0.00326048,0.800857
12680,PL,8,3,24,4,0.00225818,0.00297615,0.75876
12690,PL,0,3,0,0,0.00257862,0.000880414,2.92887
12700,PL,4,3,0,0,0.00259638,0.00102013,2.54514
12710,PL,11,3,7,3,0.00217421,0.00214152,1.01526
12720,PL,3,3,0,0,0.00219077,0.00105104,2.08439
12730,PL,14,3,19,3,0.0024854,0.00297827,0.834511
12740,PL,1,3,10,3,0.00220843,0.0022151,0.996989
12750,PL,25,3,0,0,0.0023882,0.00152089,1.57027
12760,PL,11,4,0,0,0.00225775,0.00153011,1.47555
12770,PL,11,3,21,3,0.00252307,0.00300764,0.838887
12780,PL,33,3,0,0,0.0025029,0.00200821,1.24633
12790,PL,1,3,11,4,0.00227106,0.00252945,0.897847
12800,PL,0,3,51,5,0.00230545,0.00347275,0.66387
12810,PL,2,3,0,0,0.00234328,0.000908494,2.5793
12820,PL,21,4,0,0,0.00229114,0.00145308,1.57675
12830,PL,29,3,19,3,0.0025964,0.00329,0.789181
12840,PL,0,3,0,0,0.00217584,0.000906615,2.39996
12850,PL,9,3,0,0,0.0024728,0.00140161,1.76426
12860,PL,12,3,0,0,0.00233815,0.00131072,1.78387
12870,PL,8,3,10,3,0.00231258,0.00251595,0.919167
12880,PL,3,3,0,0,0.00216701,0.000954644,2.26997
12890,PL,9,3,19,3,0.00229056,0.00343209,0.667396
12900,PL,7,3,24,3,0.00225509,0.0029608,0.761649
12910,PL,14,3,0,0,0.00225012,0.00123219,1.82612
12920,PL,4,3,7,3,0.00220095,0.0020627,1.06702
12930,PL,17,3,0,0,0.00243032,0.00147853,1.64375
12940,PL,3,3,0,0,0.00223909,0.000935375,2.39379
12950,PL,3,3,0,0,0.002197,0.000939695,2.33799
12960,PL,0,3,0,0,0.00213871,0.000880905,2.42786
12970,PL,16,3,0,0,0.00258624,0.00121351,2.13122
12980,PL,9,3,0,0,0.00227399,0.00134554,1.69003
12990,PL,48,4,0,0,0.00246616,0.00198879,1.24003
13000,PL,0,3,0,0,0.00210225,0.000896745,2.34431
13010,PL,28,3,6,3,0.00217909,0.0025987,0.83853
13020,PL,2,3,0,0,0.00214635,0.000938765,2.28635
13030,PL,11,3,0,0,0.00215829,0.00102071,2.11451
13040,PL,6,3,0,0,0.00231672,0.00108618,2.1329
13050,PL,8,3,0,0,0.00219636,0.00139961,1.56927
13060,PL,17,3,12,3,0.00232858,0.00260383,0.89429
13070,PL,5,4,8,3,0.00259529,0.00277247,0.936093
13080,PL,20,3,0,0,0.00232334,0.0015211,1.52741
13090,PL,23,3,9,3,0.00232609,0.00261215,0.890488
13100,PL,16,3,0,0,0.00218716,0.00119105,1.83632
13110,PL,7,3,3,3,0.00231913,0.0023677,0.979486
13120,PL,15,3,19,3,0.00234786,0.0027585,0.851136
13130,PL,7,3,0,0,0.002144,0.00113618,1.88703
13140,PL,4,3,0,0,0.00219182,0.000902344,2.42903
13150,PL,19,3,0,0,0.00262938,0.00135627,1.93869
13160,PL,18,4,31,3,0.00225318,0.00311766,0.722715
13170,PL,1,3,0,0,0.00212584,0.000990445,2.14635
13180,PL,20,3,0,0,0.00220038,0.00150056,1.46637
13190,PL,6,3,0,0,0.00220874,0.0011078,1.99382
13200,PL,4,3,0,0,0.00258969,0.000951164,2.72266
13210,PL,16,3,0,0,0.00221532,0.00137317,1.61329
13220,PL,1,3,31,3,0.0021952,0.00235557,0.931919
13230,PL,6,3,19,3,0.00214765,0.00251526,0.853847
13240,PL,4,3,43,4,0.00221462,0.00315709,0.701477
13250,PL,11,3,17,4,0.00261355,0.00252303,1.03588
13260,PL,13,3,8,3,0.00228895,0.0026222,0.872911
13270,PL,12,3,0,0,0.00221133,0.00136243,1.62308
13280,PL,5,3,0,0,0.0022196,0.00104083,2.13252
13290,PL,6,3,0,0,0.00227512,0.00109968,2.06888
13300,PL,4,3,0,0,0.00228808,0.000996935,2.29512
13310,PL,3,3,0,0,0.00220917,0.00110046,2.00751
13320,PL,39,3,12,3,0.00255609,0.00281157,0.909133
13330,PL,23,3,8,3,0.00248249,0.00264121,0.939906
13340,PL,45,3,0,0,0.00255676,0.00177328,1.44183
13350,PL,4,3,0,0,0.00219067,0.00104851,2.08933
13360,PL,3,3,0,0,0.00218158,0.00101129,2.15721
13370,PL,25,3,0,0,0.00237712,0.00178053,1.33507
13380,PL,39,4,0,0,0.00271214,0.0019259,1.40825
13390,PL,2,3,16,3,0.0027201,0.00217376,1.25133
13400,PL,5,3,0,0,0.00224357,0.00100599,2.2302
13410,PL,3,3,0,0,0.00221324,0.0010295,2.14983
13420,PL,2,3,0,0,0.00221145,0.00116712,1.8948
13430,PL,30,3,0,0,0.00243136,0.00174242,1.3954
13440,PL,8,3,24,4,0.00228181,0.00305425,0.747095
13450,PL,34,3,14,3,0.00264633,0.00325221,0.813704
13460,PL,29,3,0,0,0.00238425,0.00169547,1.40625
13470,PL,11,3,0,0,0.00258033,0.0011718,2.20203
13480,PL,12,4,0,0,0.00224671,0.00165324,1.35898
13490,PL,23,4,0,0,0.002408,0.00169512,1.42055
13500,PL,3,3,0,0,0.00222611,0.000987625,2.254
13510,PL,0,3,0,0,0.00219932,0.000886964,2.47961
13520,PL,1,3,16,4,0.00228367,0.0025728,0.88762
13530,PL,6,3,0,0,0.00221966,0.000992535,2.23636
13540,PL,0,3,20,5,0.00213713,0.0030653,0.6972
13550,PL,13,3,0,0,0.00226703,0.00133872,1.69344
13560,PL,20,3,0,0,0.00242037,0.00137275,1.76316
13570,PL,41,4,31,3,0.00253118,0.00395139,0.64058
13580,PL,43,5,0,0,0.00256394,0.00260542,0.984079
13590,PL,5,3,15,3,0.00219962,0.00277389,0.792973
13600,PL,2,3,13,3,0.00223936,0.00195024,1.14825
13610,PL,10,3,0,0,0.00223255,0.00121318,1.84025
13620,PL,0,3,0,0,0.00218432,0.000896325,2.43697
13630,PL,22,3,8,4,0.00259135,0.00309044,0.838505
13640,PL,33,3,16,3,0.00252889,0.00339831,0.744162
13650,PL,26,3,28,4,0.00238978,0.00330035,0.7241
13660,PL,0,3,0,0,0.00214396,0.000866655,2.47383
13670,PL,15,3,0,0,0.00260843,0.00141224,1.84702
13680,PL,3,3,0,0,0.00226373,0.00100341,2.25603
13690,PL,26,4,0,0,0.00272754,0.00198519,1.37395
13700,PL,12,3,0,0,0.00231939,0.00110483,2.09933
13710,PL,9,3,0,0,0.00224896,0.00116623,1.92841
13720,PL,22,3,0,0,0.00220367,0.00127027,1.73481
13730,PL,7,3,18,3,0.00221345,0.00300875,0.73567
13740,PL,3,3,0,0,0.00229204,0.00103626,2.21183
13750,PL,0,3,0,0,0.00217052,0.000889714,2.43957
13760,PL,11,3,0,0,0.00218598,0.00127107,1.7198
13770,PL,35,3,26,3,0.00251032,0.00301498,0.832618
13780,PL,6,3,0,0,0.00216476,0.000996745,2.17183
13790,PL,2,3,13,4,0.00226352,0.00267138,0.847321
13800,PL,11,3,6,3,0.00224851,0.00220938,1.01771
13810,PL,11,3,8,3,0.00228501,0.00242864,0.94086
13820,PL,4,3,16,3,0.00218455,0.00244417,0.893779
13830,PL,0,3,7,3,0.00221605,0.00222335,0.996716
13840,PL,5,3,0,0,0.00224502,0.00105587,2.12624
13850,PL,8,3,3,3,0.00253879,0.00267247,0.949979
13860,PL,8,3,0,0,0.00219897,0.00111368,1.9745
13870,PL,5,3,0,0,0.00217475,0.000907844,2.39551
13880,PL,4,3,19,3,0.00224027,0.00276918,0.809001
13890,PL,6,3,0,0,0.002215,0.0010536,2.10233
13900,PL,0,3,0,0,0.00213847,0.000927435,2.30579
13910,PL,8,3,0,0,0.00226211,0.00125907,1.79666
13920,PL,12,3,0,0,0.00233716,0.00145171,1.60994
13930,PL,11,3,0,0,0.00223909,0.00125328,1.78659
13940,PL,8,3,0,0,0.00230154,0.00103348,2.22699
13950,PL,2,3,13,3,0.0021493,0.00216476,0.992859
13960,PL,0,3,18,4,0.00216912,0.00250964,0.864315
13970,PL,6,3,0,0,0.00221279,0.000919894,2.40548
13980,PL,5,3,0,0,0.00215402,0.000964055,2.23433
13990,PL,31,3,71,4,0.00259566,0.00434668,0.59716
14000,PL,24,3,0,0,0.00234131,0.00126497,1.85089
14010,PL,2,3,0,0,0.00216974,0.000949044,2.28624
14020,PL,6,3,28,5,0.0022651,0.00386352,0.586279
14030,PL,2,3,0,0,0.00224343,0.00124049,1.80851
14040,PL,33,4,0,0,0.00260859,0.00183693,1.42008
14050,PL,4,3,31,4,0.00225178,0.00313212,0.718933
14060,PL,6,3,0,0,0.00227252,0.0011681,1.94549
14070,PL,5,3,0,0,0.00225009,0.00123388,1.8236
14080,PL,11,3,0,0,0.00219847,0.00131633,1.67015
14090,PL,2,3,0,0,0.00226953,0.000944565,2.40273
14100,PL,25,3,0,0,0.0022953,0.00153527,1.49505
14110,PL,13,3,0,0,0.00231248,0.0013061,1.77053
14120,PL,0,3,0,0,0.00215298,0.000899615,2.39322
14130,PL,5,3,0,0,0.00218822,0.00107166,2.04191
14140,PL,27,4,0,0,0.00250422,0.00170796,1.46621
14150,PL,13,3,0,0,0.00229532,0.00155188,1.47906
14160,PL,27,3,0,0,0.00229913,0.00134048,1.71516
14170,PL,19,3,0,0,0.0026652,0.00133773,1.99234
14180,PL,6,3,0,0,0.00221832,0.0010711,2.07106
14190,PL,0,3,0,0,0.00221127,0.000908005,2.43531
14200,PL,17,3,15,3,0.00226827,0.00332895,0.681378
14210,PL,14,3,0,0,0.00258929,0.00136496,1.89698
14220,PL,0,3,0,0,0.00220486,0.000894685,2.4644
14230,PL,0,3,0,0,0.00217213,0.000930794,2.33363
14240,PL,2,3,24,4,0.00219552,0.00322135,0.681552
14250,PL,5,3,17,3,0.0023135,0.00250098,0.925037
14260,PL,0,3,16,3,0.00220203,0.00273061,0.806423
14270,PL,6,3,0,0,0.0022101,0.00110522,1.9997
14280,PL,14,3,0,0,0.00230527,0.00148775,1.5495
14290,PL,18,3,0,0,0.00226615,0.00130083,1.74208
14300,PL,10,3,0,0,0.00250959,0.00126461,1.98449
14310,PL,35,3,9,3,0.00251786,0.00288349,0.873198
14320,PL,16,3,12,3,0.00222845,0.00250769,0.888647
14330,PL,12,4,0,0,0.00226121,0.0013322,1.69735
14340,PL,15,3,0,0,0.00234065,0.00148053,1.58096
14350,PL,20,3,26,4,0.00227824,0.0028207,0.807685
14360,PL,37,4,18,4,0.00267433,0.00371546,0.719785
14370,PL,17,3,0,0,0.00225125,0.00120997,1.86059
14380,PL,14,4,28,3,0.00220928,0.00313933,0.703743
14390,PL,5,3,21,3,0.00223133,0.0024869,0.897234
14400,PL,11,3,0,0,0.00227178,0.00139577,1.62762
14410,PL,9,3,13,3,0.00218847,0.00215397,1.01602
14420,PL,10,3,0,0,0.0022644,0.00116741,1.93967
14430,PL,5,3,15,3,0.00249535,0.00271034,0.920677
14440,PL,10,3,0,0,0.00224473,0.00127006,1.76743
14450,PL,3,3,0,0,0.00219026,0.000937504,2.33627
14460,PL,18,3,0,0,0.00238696,0.0016381,1.45715
14470,PL,19,3,18,3,0.00239449,0.0029489,0.811993
14480,PL,9,3,0,0,0.00223572,0.00135166,1.65406
14490,PL,0,3,0,0,0.00218507,0.000885184,2.46849
14500,PL,2,3,22,4,0.00226521,0.00278813,0.812447
14510,PL,6,3,10,3,0.00228878,0.00222477,1.02877
14520,PL,11,3,0,0,0.0021953,0.00115867,1.89468
14530,PL,24,3,0,0,0.00242266,0.00135835,1.78354
14540,PL,3,3,0,0,0.00227931,0.000913914,2.49401
14550,PL,6,3,0,0,0.0023417,0.00127722,1.83344
14560,PL,7,3,67,4,0.0023622,0.00381536,0.61913
14570,PL,6,3,26,5,0.00225381,0.00372042,0.605795
14580,PL,9,3,0,0,0.00221731,0.00109036,2.03357
14590,PL,5,3,12,3,0.0022078,0.0026035,0.848012
14600,PL,28,3,0,0,0.00228763,0.00176728,1.29444
14610,PL,4,3,0,0,0.0022453,0.00102428,2.19209
14620,PL,46,3,18,4,0.00254108,0.00316938,0.801761
14630,PL,38,5,16,3,0.00268035,0.00396554,0.675911
14640,PL,33,4,0,0,0.00258573,0.00188818,1.36943
14650,PL,3,3,0,0,0.00216409,0.000929165,2.32907
14660,PL,43,3,7,3,0.00248488,0.00285523,0.87029
14670,PL,27,4,0,0,0.00234644,0.00197742,1.18662
14680,PL,5,3,15,3,0.00227931,0.00229186,0.994524
14690,PL,23,3,19,3,0.00225492,0.00292492,0.770933
14700,PL,12,3,0,0,0.00262569,0.00121691,2.15768
14710,PL,0,3,0,0,0.0021371,0.000896055,2.38501
14720,PL,5,3,33,5,0.00225253,0.00372894,0.604068
14730,PL,17,4,44,3,0.00225468,0.00344762,0.653982
14740,PL,9,3,4,3,0.00226761,0.0026925,0.842195
14750,PL,0,3,18,3,0.00213836,0.00263259,0.812263
14760,PL,22,3,0,0,0.00236642,0.00161843,1.46217
14770,PL,14,3,7,3,0.00222298,0.00260289,0.854043
14780,PL,0,3,0,0,0.00216713,0.000936625,2.31376
14790,PL,16,5,15,3,0.00223123,0.00322727,0.691369
14800,PL,30,4,0,0,0.00264979,0.00250663,1.05711
14810,PL,17,3,0,0,0.00247605,0.00142424,1.73851
14820,PL,4,3,16,4,0.00220182,0.00276745,0.795613
14830,PL,0,3,0,0,0.00216029,0.000889855,2.42769
14840,PL,15,3,0,0,0.00229467,0.00142885,1.60596
14850,PL,5,3,0,0,0.00220061,0.00105279,2.09028
14860,PL,12,3,56,3,0.00267221,0.00370831,0.720602
14870,PL,4,3,15,3,0.00228133,0.00247517,0.921686
14880,PL,17,3,0,0,0.0023767,0.00149474,1.59005
14890,PL,22,3,1,3,0.00259087,0.00251798,1.02895
14900,PL,4,3,0,0,0.00231018,0.0010356,2.23078
14910,PL,1,3,0,0,0.00225286,0.000944145,2.38614
14920,PL,15,3,0,0,0.00248843,0.00138883,1.79175
14930,PL,29,3,0,0,0.00246878,0.00183366,1.34637
14940,PL,10,3,0,0,0.00226734,0.00113612,1.99569
14950,PL,26,3,11,3,0.00251597,0.00302573,0.831525
14960,PL,13,3,20,4,0.00229078,0.00317407,0.721718
14970,PL,9,3,0,0,0.00221067,0.00131124,1.68594
14980,PL,16,3,0,0,0.00257594,0.00141733,1.81747
14990,PL,11,3,0,0,0.00219706,0.0010282,2.13679
15000,PL,1,3,28,5,0.00219536,0.0030634,0.716641
15010,PL,12,3,14,3,0.00226062,0.00289699,0.780333
15020,PL,3,3,0,0,0.00220373,0.000926205,2.37931
15030,PL,26,3,0,0,0.00224151,0.00215978,1.03784
15040,PL,11,3,0,0,0.00223804,0.00108672,2.05946
15050,PL,22,3,0,0,0.00235091,0.00138537,1.69696
15060,PL,8,3,0,0,0.00221316,0.00117532,1.88303
15070,PL,6,3,0,0,0.00220988,0.00125401,1.76226
15080,PL,6,3,0,0,0.00220124,0.00110263,1.99636
15090,PL,47,3,0,0,0.00281009,0.00199732,1.40693
15100,PL,13,3,9,3,0.00231038,0.00254806,0.906721
15110,PL,9,3,24,6,0.00238877,0.00389211,0.613748
15120,PL,4,3,0,0,0.00263906,0.00108109,2.44112
15130,PL,13,3,0,0,0.00221723,0.00123576,1.79423
15140,PL,18,3,0,0,0.00226005,0.00134572,1.67944
15150,PL,22,3,2,3,0.00258426,0.00284344,0.908849
15160,PL,7,3,0,0,0.00219703,0.00124287,1.76771
15170,PL,0,3,0,0,0.00218285,0.000882204,2.47432
15180,PL,14,3,0,0,0.00223711,0.00141199,1.58437
15190,PL,10,4,0,0,0.00219275,0.00125759,1.74362
15200,PL,41,3,22,3,0.00262765,0.00349477,0.751882
15210,PL,15,3,26,3,0.00225469,0.00272011,0.828896
15220,PL,4,3,0,0,0.0021813,0.000899765,2.4243
15230,PL,21,4,8,3,0.00257077,0.00299423,0.858575
15240,PL,0,3,0,0,0.00216575,0.000888195,2.43837
15250,PL,11,3,13,3,0.00219008,0.00241533,0.906742
15260,PL,5,3,5,3,0.00237045,0.00227185,1.0434
15270,PL,2,3,0,0,0.00229907,0.000914514,2.51398
15280,PL,45,3,32,3,0.00247193,0.00353807,0.698667
15290,PL,3,3,0,0,0.00243744,0.000938355,2.59757
15300,PL,17,3,5,3,0.00245323,0.00257473,0.952811
15310,PL,0,3,0,0,0.00215491,0.000922105,2.33695
15320,PL,27,4,5,3,0.00261702,0.00295071,0.886914
15330,PL,2,3,0,0,0.00230986,0.00107671,2.14531
15340,PL,0,3,21,4,0.00214512,0.00270413,0.793275
15350,PL,0,3,0,0,0.00213218,0.000913464,2.33417
15360,PL,25,3,0,0,0.00234858,0.00132014,1.77904
15370,PL,18,3,0,0,0.00223453,0.00119663,1.86735
15380,PL,25,3,0,0,0.00256313,0.00155488,1.64845
15390,PL,20,4,0,0,0.00253329,0.00169863,1.49138
15400,PL,0,3,0,0,0.00216791,0.000936885,2.31396
15410,PL,11,3,9,3,0.00220919,0.0021961,1.00596
15420,PL,4,3,0,0,0.00221965,0.00115303,1.92507
15430,PL,13,3,18,3,0.00231571,0.00347218,0.666934
15440,PL,38,3,0,0,0.0025638,0.0018356,1.39671
15450,PL,0,3,14,3,0.00214473,0.00271337,0.790429
15460,PL,3,3,0,0,0.00225941,0.00111738,2.02207
15470,PL,23,3,0,0,0.00233541,0.0016533,1.41258
15480,PL,28,3,0,0,0.00229217,0.00163414,1.40268
15490,PL,15,3,0,0,0.00228426,0.00108377,2.10769
15500,PL,8,3,14,3,0.00223923,0.00259542,0.862762
15510,PL,9,3,10,3,0.00230467,0.0022454,1.0264
15520,PL,34,3,21,3,0.00261182,0.00318959,0.818859
15530,PL,2,3,0,0,0.00264531,0.000930654,2.84242
15540,PL,17,3,8,3,0.00230211,0.00299554,0.768512
15550,PL,8,3,0,0,0.00223101,0.0012581,1.77332
15560,PL,39,3,0,0,0.00257192,0.00195038,1.31868
15570,PL,9,3,0,0,0.00221287,0.00126813,1.74499
15580,PL,22,3,14,3,0.00226394,0.00283967,0.797254
15590,PL,8,3,0,0,0.00230688,0.00114589,2.01319
15600,PL,8,3,0,0,0.00225018,0.00126401,1.7802
15610,PL,26,4,13,4,0.00228274,0.0036168,0.63115
15620,PL,19,3,0,0,0.00226554,0.00161058,1.40666
15630,PL,17,3,0,0,0.00228121,0.00181629,1.25597
15640,PL,24,3,13,3,0.0022864,0.00309963,0.737638
15650,PL,26,3,11,3,0.00236428,0.00275117,0.859372
15660,PL,11,3,10,3,0.00220299,0.00268791,0.819591
15670,PL,11,3,12,3,0.00241513,0.00282394,0.855234
15680,PL,12,3,0,0,0.00226153,0.00113926,1.9851
15690,PL,5,3,9,3,0.00222938,0.00220623,1.01049
15700,PL,0,3,25,3,0.00223931,0.0028471,0.786522
15710,PL,3,3,0,0,0.0025997,0.000946104,2.7478
15720,PL,20,4,0,0,0.0026165,0.00160494,1.63028
15730,PL,4,3,19,4,0.00221134,0.00337597,0.655024
15740,PL,6,3,33,3,0.00223702,0.00271921,0.822672
15750,PL,13,3,0,0,0.00225154,0.00112013,2.01008
15760,PL,6,3,8,3,0.00245699,0.00250063,0.982548
15770,PL,5,3,18,3,0.00225017,0.00306116,0.735072
15780,PL,5,3,11,4,0.00224772,0.00261011,0.861159
15790,PL,20,3,30,5,0.00234219,0.00360887,0.64901
15800,PL,8,3,2,3,0.00223185,0.00213108,1.04729
15810,PL,14,3,25,3,0.00225622,0.00329821,0.684075
15820,PL,18,4,12,3,0.00226926,0.00246837,0.919335
15830,PL,18,3,0,0,0.0022205,0.00121613,1.82588
15840,PL,26,3,23,3,0.00227454,0.00341868,0.665328
15850,PL,0,3,0,0,0.0022216,0.000882934,2.51616
15860,PL,8,3,14,3,0.00220231,0.00255251,0.862801
15870,PL,19,3,8,3,0.00218138,0.00259599,0.840288
15880,PL,9,3,27,4,0.00239637,0.00305204,0.785172
15890,PL,29,4,8,3,0.00226389,0.00297312,0.761454
15900,PL,0,3,10,3,0.00213852,0.00229992,0.929823
15910,PL,31,3,0,0,0.00259488,0.00172481,1.50445
15920,PL,14,3,0,0,0.0022888,0.00130606,1.75245
15930,PL,19,3,0,0,0.0026359,0.00137277,1.92014
15940,PL,0,3,0,0,0.00215553,0.000892664,2.41472
15950,PL,22,3,0,0,0.00251612,0.00170782,1.4733
15960,PL,12,3,3,3,0.00273568,0.00246018,1.11198
15970,PL,0,3,0,0,0.0021653,0.000882724,2.45298
15980,PL,9,3,42,4,0.00222083,0.00335741,0.661472
15990,PL,33,3,0,0,0.00270336,0.00181483,1.4896
16000,PL,0,3,0,0,0.00217809,0.000896105,2.43062
16010,PL,0,3,0,0,0.00217177,0.000879484,2.46937
16020,PL,14,3,22,4,0.00236304,0.00319934,0.738604
16030,PL,13,3,0,0,0.00227521,0.0012044,1.88909
16040,PL,23,3,0,0,0.00226694,0.00157272,1.44142
16050,PL,0,3,0,0,0.00216217,0.000934405,2.31395
16060,PL,17,3,4,3,0.00221363,0.00292612,0.756506
16070,PL,5,3,21,3,0.00218696,0.00284385,0.769013
16080,PL,20,3,6,3,0.00254382,0.0028264,0.900021
16090,PL,16,3,11,3,0.00238505,0.00292374,0.815753
16100,PL,10,3,0,0,0.00235169,0.00134289,1.75122
16110,PL,4,3,0,0,0.00214039,0.000902395,2.3719
16120,PL,7,3,15,3,0.00224686,0.00265872,0.84509
16130,PL,16,3,0,0,0.00234479,0.00152471,1.53786
16140,PL,22,3,0,0,0.00233345,0.0015054,1.55006
16150,PL,8,3,0,0,0.00223803,0.00115175,1.94316
16160,PL,6,3,4,3,0.00224955,0.0020924,1.07511
16170,PL,9,3,13,3,0.00220362,0.00236431,0.932035
16180,PL,12,3,0,0,0.00217117,0.00122231,1.77629
16190,PL,44,5,57,4,0.00260032,0.00505388,0.51452
16200,PL,9,3,9,3,0.00386878,0.00269549,1.43528
16210,PL,21,3,0,0,0.00256264,0.00190461,1.3455
16220,PL,1,3,0,0,0.00216078,0.000892105,2.42211
16230,PL,35,4,0,0,0.00259757,0.00238444,1.08938
16240,PL,2,3,0,0,0.0022022,0.000972795,2.26379
16250,PL,30,3,9,3,0.00261845,0.00291622,0.897892
16260,PL,0,3,23,4,0.0021844,0.0027234,0.802085
16270,PL,6,3,0,0,0.00222959,0.00119062,1.87264
16280,PL,5,3,23,3,0.00253726,0.00273182,0.92878
16290,PL,14,3,0,0,0.00260266,0.00123282,2.11115
16300,PL,24,3,0,0,0.00220969,0.00122557,1.803
16310,PL,5,3,4,3,0.00215833,0.00220483,0.978909
16320,PL,15,3,0,0,0.00223594,0.00119121,1.87704
16330,PL,6,3,11,3,0.00217826,0.00243933,0.892974
16340,PL,19,3,0,0,0.0024917,0.00170716,1.45956
16350,PL,11,3,0,0,0.00219251,0.0012027,1.823
16360,PL,0,3,6,3,0.00218141,0.00191895,1.13677
16370,PL,2,3,0,0,0.00215462,0.000930164,2.31639
16380,PL,6,3,0,0,0.00225963,0.000987805,2.28753
16390,PL,37,3,0,0,0.00257396,0.00161357,1.5952
16400,PL,14,3,0,0,0.00224451,0.00120831,1.85757
16410,PL,2,3,9,3,0.00223433,0.00234182,0.9541
16420,PL,8,3,0,0,0.00228695,0.00107099,2.13535
16430,PL,17,3,11,3,0.00216427,0.00222912,0.970908
16440,PL,10,3,15,4,0.00215255,0.00283772,0.758548
16450,PL,2,3,0,0,0.00216533,0.000971685,2.22843
16460,PL,1,3,0,0,0.00212426,0.000866544,2.45142
16470,PL,39,4,0,0,0.00239842,0.00223368,1.07375
16480,PL,12,3,0,0,0.0022296,0.00126867,1.75744
16490,PL,11,3,0,0,0.00216091,0.00107273,2.01441
16500,PL,24,3,0,0,0.00257629,0.00158939,1.62093
16510,PL,0,3,0,0,0.0021726,0.000894254,2.42951
16520,PL,4,3,0,0,0.00220235,0.00106119,2.07537
16530,PL,20,3,0,0,0.00257787,0.00145646,1.76996
16540,PL,0,3,0,0,0.00265289,0.000889264,2.98325
16550,PL,6,3,0,0,0.0022093,0.0011457,1.92833
16560,PL,26,3,0,0,0.00256222,0.0018986,1.34953
16570,PL,11,3,19,3,0.00226194,0.00347324,0.651249
16580,PL,16,3,0,0,0.00224649,0.00137896,1.62912
16590,PL,10,3,4,3,0.00227135,0.0021808,1.04152
16600,PL,15,3,0,0,0.00212928,0.00119906,1.7758
16610,PL,7,3,14,3,0.00227807,0.00230868,0.986741
16620,PL,2,3,0,0,0.00221885,0.000912224,2.43235
16630,PL,13,3,0,0,0.00255284,0.00150608,1.69503
16640,PL,3,3,21,5,0.00218778,0.00364101,0.600872
16650,PL,0,3,0,0,0.00212474,0.000865954,2.45364
16660,PL,27,3,4,3,0.00262701,0.00279351,0.940398
16670,PL,2,3,0,0,0.00253683,0.000880574,2.88089
16680,PL,16,3,15,3,0.00224252,0.00299065,0.749845
16690,PL,24,3,0,0,0.00247479,0.00165098,1.49898
16700,PL,12,3,10,3,0.00215308,0.0023972,0.898164
16710,PL,2,3,0,0,0.00218757,0.000958264,2.28285
16720,PL,21,3,0,0,0.00225444,0.00159391,1.41441
16730,PL,24,4,18,3,0.00247719,0.00375741,0.659282
16740,PL,18,3,25,5,0.00233713,0.00388245,0.601973
16750,PL,0,3,13,3,0.00230613,0.00225417,1.02305
16760,PL,26,3,21,3,0.00242232,0.00253004,0.957424
16770,PL,13,3,0,0,0.00220782,0.00120552,1.83143
16780,PL,28,3,0,0,0.00242483,0.00145888,1.66212
16790,PL,21,3,0,0,0.00217921,0.00127181,1.71348
16800,PL,3,3,0,0,0.00255339,0.000884174,2.88788
16810,PL,5,3,42,3,0.00226512,0.00307425,0.736805
16820,PL,8,3,0,0,0.00213707,0.00105885,2.0183
16830,PL,27,3,8,3,0.00227215,0.00299567,0.758477
16840,PL,15,3,0,0,0.00227559,0.00114288,1.99111
16850,PL,4,3,18,3,0.00216434,0.00256519,0.843734
16860,PL,20,3,0,0,0.00242426,0.0020208,1.19965
16870,PL,22,3,3,3,0.00232395,0.00276894,0.839292
16880,PL,2,3,6,3,0.00215782,0.0022768,0.947742
16890,PL,16,3,0,0,0.00230978,0.00117001,1.97416
16900,PL,20,3,0,0,0.00233939,0.00155635,1.50313
16910,PL,7,3,0,0,0.00221736,0.000995615,2.22713
16920,PL,0,3,0,0,0.00217104,0.000880464,2.46579
16930,PL,16,3,0,0,0.00242345,0.00154159,1.57205
16940,PL,13,3,23,3,0.00220426,0.00275736,0.799409
16950,PL,30,3,6,3,0.00238474,0.0028488,0.837103
16960,PL,0,3,17,3,0.0023095,0.00235931,0.978887
16970,PL,9,3,0,0,0.00221209,0.00133403,1.65821
16980,PL,1,3,0,0,0.00217103,0.000900505,2.4109
16990,PL,10,3,0,0,0.00238509,0.00112632,2.1176
17000,PL,51,3,0,0,0.00243611,0.001954,1.24673
17010,PL,11,3,0,0,0.00220271,0.0012816,1.71872
17020,PL,5,3,10,3,0.00223472,0.00241371,0.925844
17030,PL,14,3,6,3,0.0022536,0.00256236,0.879501
17040,PL,19,3,0,0,0.00251908,0.00195234,1.29029
17050,PL,27,3,19,3,0.00222567,0.00321922,0.691371
17060,PL,0,3,0,0,0.00212004,0.000875684,2.42101
17070,PL,5,3,17,3,0.00213661,0.00269206,0.79367
17080,PL,2,3,0,0,0.00212566,0.00100146,2.12257
17090,PL,31,4,0,0,0.00234358,0.00186773,1.25478
17100,PL,1,3,0,0,0.00215977,0.000890894,2.42427
17110,PL,15,3,0,0,0.00243512,0.00125608,1.93867
17120,PL,16,3,0,0,0.00223537,0.00137765,1.6226
17130,PL,21,3,0,0,0.00247116,0.00159247,1.55178
17140,PL,18,3,10,3,0.00219746,0.0024616,0.892695
17150,PL,0,3,0,0,0.00213443,0.000894804,2.38536
17160,PL,6,3,57,4,0.00227872,0.00364381,0.625368
17170,PL,0,3,36,4,0.0022847,0.00284114,0.804149
17180,PL,5,3,0,0,0.0021523,0.0011129,1.93397
17190,PL,0,3,0,0,0.00208635,0.000850854,2.45207
17200,PL,22,3,0,0,0.00239961,0.00186978,1.28337
17210,PL,5,3,0,0,0.00233992,0.000998695,2.34298
17220,PL,26,6,0,0,0.00233017,0.0026379,0.883343
17230,PL,14,3,56,5,0.00245082,0.00393193,0.623313
17240,PL,6,3,10,3,0.00217098,0.00211491,1.02651
17250,PL,15,3,11,3,0.00218092,0.00233579,0.933697
17260,PL,18,3,0,0,0.00231779,0.00136121,1.70275
17270,PL,34,3,0,0,0.00230232,0.00134629,1.71013
17280,PL,7,3,0,0,0.00219151,0.00129042,1.6983
17290,PL,9,3,9,3,0.00219195,0.00261607,0.837878
17300,PL,4,3,0,0,0.00215107,0.000942455,2.28241
17310,PL,10,3,0,0,0.00213561,0.00101588,2.10224
17320,PL,19,3,0,0,0.00254792,0.00141024,1.80673
17330,PL,4,3,10,3,0.00216681,0.00223156,0.970984
17340,PL,11,3,8,3,0.00223004,0.00260166,0.85716
17350,PL,0,3,0,0,0.00211068,0.000960775,2.19685
17360,PL,5,3,0,0,0.00221797,0.00143194,1.54893
17370,PL,16,3,20,3,0.00234041,0.00254395,0.91999
17380,PL,10,3,37,5,0.00243696,0.00339458,0.717899
17390,PL,2,3,0,0,0.00219944,0.000935514,2.35105
17400,PL,21,5,0,0,0.00231736,0.00234604,0.987775
17410,PL,27,3,0,0,0.00249005,0.00159217,1.56394
17420,PL,3,3,14,3,0.00218457,0.00231045,0.945517
17430,PL,57,4,0,0,0.00271486,0.00217236,1.24973
17440,PL,15,3,0,0,0.00230656,0.00142938,1.61368
17450,PL,0,3,0,0,0.00212834,0.000898154,2.36968
17460,PL,5,3,0,0,0.00251696,0.000990545,2.54099
17470,PL,16,3,16,5,0.00219179,0.00288429,0.759906
17480,PL,1,3,10,3,0.00214607,0.00219085,0.97956
17490,PL,11,3,0,0,0.0022862,0.00117165,1.95127
17500,PL,32,3,0,0,0.00246372,0.00179973,1.36894
17510,PL,11,3,0,0,0.0023205,0.00113374,2.04677
17520,PL,2,3,26,3,0.00212393,0.00222095,0.956316
17530,PL,49,4,47,4,0.00243163,0.00427948,0.568207
17540,PL,7,3,0,0,0.00226381,0.00121049,1.87017
17550,PL,15,4,0,0,0.0026261,0.001636,1.6052
17560,PL,0,3,0,0,0.00244583,0.000862464,2.83587
17570,PL,9,3,0,0,0.00232404,0.00108884,2.13443
17580,PL,7,3,20,3,0.00214815,0.00261603,0.821148
17590,PL,4,3,20,4,0.00212022,0.00265245,0.799343
17600,PL,24,3,28,3,0.00254537,0.00285199,0.892489
17610,PL,0,3,0,0,0.00253686,0.000870254,2.91508
17620,PL,24,3,0,0,0.00221939,0.00139609,1.58972
17630,PL,7,3,0,0,0.0021821,0.000946344,2.30582
17640,PL,5,3,13,3,0.00224131,0.00249144,0.899604
17650,PL,1,3,0,0,0.0022139,0.000934785,2.36835
17660,PL,12,3,29,3,0.00230113,0.0033044,0.696385
17670,PL,6,3,9,3,0.00218897,0.00225713,0.969803
17680,PL,5,3,0,0,0.00218948,0.00113819,1.92366
17690,PL,3,3,1,3,0.00267135,0.00207679,1.28629
17700,PL,8,3,0,0,0.00312898,0.000936124,3.34249
17710,PL,0,3,9,3,0.00228992,0.00218018,1.05033
17720,PL,10,3,21,3,0.00224129,0.00290191,0.772349
17730,PL,34,5,23,3,0.00264381,0.00397492,0.665124
17740,PL,6,3,0,0,0.00212239,0.00112849,1.88073
17750,PL,14,3,43,3,0.00228495,0.00326172,0.700536
17760,PL,42,3,7,3,0.0025158,0.00299663,0.839545
17770,PL,26,3,0,0,0.00253657,0.0018456,1.37439
17780,PL,0,3,15,4,0.00208679,0.00252126,0.827676
17790,PL,6,3,0,0,0.00217503,0.00105236,2.0668
17800,PL,0,3,0,0,0.00211626,0.000894355,2.36624
17810,PL,0,3,13,3,0.00217235,0.00210946,1.02981
17820,PL,12,3,0,0,0.0023152,0.0012575,1.84112
17830,PL,8,3,0,0,0.00222148,0.00102207,2.1735
17840,PL,13,3,0,0,0.00243172,0.0014379,1.69117
17850,PL,9,3,15,3,0.00229588,0.00252043,0.910908
17860,PL,12,4,0,0,0.00222889,0.00159601,1.39654
17870,PL,5,3,0,0,0.00214039,0.00103824,2.06155
17880,PL,7,3,10,3,0.00222959,0.0020638,1.08033
17890,PL,0,3,0,0,0.00218008,0.000881094,2.47429
17900,PL,0,3,0,0,0.00214766,0.000885054,2.42659
17910,PL,0,3,0,0,0.00212398,0.000886265,2.39655
17920,PL,5,3,12,3,0.00215842,0.00213917,1.009
17930,PL,15,3,45,3,0.00245292,0.00367885,0.666763
17940,PL,0,3,0,0,0.00216116,0.000858544,2.51724
17950,PL,5,3,19,3,0.00221602,0.00260708,0.85
17960,PL,5,3,0,0,0.00231765,0.00128725,1.80047
17970,PL,6,3,0,0,0.00212637,0.00111356,1.90953
17980,PL,8,3,0,0,0.00214589,0.0011879,1.80646
17990,PL,31,4,38,5,0.00247479,0.00386566,0.640199
18000,PL,0,3,0,0,0.00209605,0.000875814,2.39326
18010,PL,5,3,0,0,0.00219564,0.00124742,1.76015
18020,PL,8,3,16,3,0.00216288,0.00280863,0.770083
18030,PL,3,3,0,0,0.00213329,0.00102601,2.0792
18040,PL,3,3,0,0,0.00223523,0.00102081,2.18967
18050,PL,0,3,0,0,0.00216082,0.000876335,2.46575
18060,PL,0,3,13,3,0.0021798,0.0022537,0.967209
18070,PL,0,3,0,0,0.00253732,0.00108058,2.34812
18080,PL,10,3,6,3,0.00218405,0.00240754,0.907171
18090,PL,4,3,0,0,0.00253877,0.00105747,2.40081
18100,PL,30,3,14,4,0.00226171,0.00299475,0.755227
18110,PL,11,3,0,0,0.00219947,0.00122619,1.79375
18120,PL,5,3,39,6,0.00225991,0.00404077,0.559277
18130,PL,7,3,21,3,0.00218882,0.00257938,0.848583
18140,PL,13,3,6,3,0.00220747,0.00262286,0.841626
18150,PL,2,3,0,0,0.00214209,0.000905544,2.36553
18160,PL,30,4,0,0,0.00235665,0.00242184,0.973082
18170,PL,24,3,0,0,0.0026194,0.00164504,1.5923
18180,PL,20,3,0,0,0.00253552,0.00188269,1.34676
18190,PL,7,3,0,0,0.00252856,0.00111121,2.27551
18200,PL,18,4,0,0,0.00232294,0.00177536,1.30843
18210,PL,11,3,0,0,0.00216004,0.00115847,1.86456
18220,PL,12,3,0,0,0.0022162,0.00115487,1.91901
18230,PL,1,3,0,0,0.00220941,0.000921085,2.3987
18240,PL,3,3,18,3,0.00215692,0.0024997,0.862871
18250,PL,35,3,0,0,0.00239507,0.00145504,1.64606
18260,PL,8,3,0,0,0.00224395,0.00102111,2.19757
18270,PL,16,3,0,0,0.00262497,0.00148576,1.76676
18280,PL,6,3,18,3,0.00232827,0.00273543,0.851153
18290,PL,13,3,0,0,0.00224672,0.00138519,1.62196
18300,PL,13,3,10,3,0.0022246,0.00311178,0.714898
18310,PL,5,3,0,0,0.00223939,0.00106609,2.10055
18320,PL,0,3,11,3,0.00212236,0.00206152,1.02951
18330,PL,9,3,22,3,0.00228933,0.00332731,0.688044
18340,PL,1,3,4,3,0.00231914,0.00196474,1.18038
18350,PL,6,3,0,0,0.00228142,0.00120583,1.892
18360,PL,1,3,0,0,0.00217243,0.000899654,2.41474
18370,PL,5,3,0,0,0.0022812,0.000997725,2.2864
18380,PL,7,3,0,0,0.00226829,0.00112149,2.02258
18390,PL,1,3,2,3,0.00218121,0.00181605,1.20108
18400,PL,17,4,17,3,0.00231455,0.0030583,0.756808
18410,PL,9,3,0,0,0.00225643,0.00107632,2.09642
18420,PL,14,4,0,0,0.00222241,0.0016439,1.35192
18430,PL,3,3,25,4,0.00217701,0.00277902,0.783374
18440,PL,0,3,0,0,0.00217443,0.000892299,2.43689
18450,PL,4,3,4,3,0.00220756,0.00229482,0.961975
18460,PL,0,3,0,0,0.00215045,0.000885509,2.42849
18470,PL,0,3,0,0,0.0020976,0.000872448,2.40427
18480,PL,8,3,0,0,0.00213812,0.00111729,1.91367
18490,PL,30,3,36,4,0.00252286,0.00385757,0.654001
18500,PL,7,3,25,4,0.00221098,0.00361111,0.612273
18510,PL,0,3,0,0,0.00209761,0.000863868,2.42816
18520,PL,4,3,0,0,0.00257345,0.000922229,2.79046
18530,PL,8,3,13,3,0.00217335,0.00258116,0.842007
18540,PL,15,3,0,0,0.00235432,0.00139736,1.68483
18550,PL,13,3,0,0,0.00223987,0.00117254,1.91027
18560,PL,47,4,16,4,0.00252315,0.00367006,0.687495
18570,PL,7,3,0,0,0.00218633,0.00114286,1.91303
18580,PL,0,3,0,0,0.00211718,0.000893979,2.36827
18590,PL,8,3,7,3,0.00222485,0.00232528,0.95681
18600,PL,11,3,5,3,0.00214678,0.00202117,1.06215
18610,PL,0,3,0,0,0.00214346,0.000881259,2.43227
18620,PL,9,3,15,3,0.00222672,0.0027146,0.820278
18630,PL,23,3,0,0,0.00252834,0.00140473,1.79987
18640,PL,16,3,5,3,0.00223765,0.00247715,0.903319
18650,PL,4,3,0,0,0.00222475,0.00104366,2.13168
18660,PL,0,3,0,0,0.00211483,0.000872549,2.42374
18670,PL,21,3,0,0,0.00255144,0.0013378,1.90718
18680,PL,9,3,0,0,0.00233918,0.000945289,2.47457
18690,PL,6,3,18,3,0.00225901,0.00258754,0.873037
18700,PL,4,3,0,0,0.00221792,0.00104403,2.12439
18710,PL,9,3,4,3,0.00221622,0.0022742,0.974506
18720,PL,15,3,0,0,0.00218026,0.00104844,2.07953
18730,PL,11,3,0,0,0.00223164,0.00131977,1.69093
18740,PL,0,3,0,0,0.0021634,0.000882478,2.45151
18750,PL,24,4,8,3,0.00256056,0.00281818,0.908586
18760,PL,0,3,0,0,0.00257987,0.000891059,2.89528
18770,PL,14,3,9,3,0.00230696,0.00274899,0.839205
18780,PL,20,4,0,0,0.00225084,0.00172503,1.30482
18790,PL,27,3,12,3,0.00259299,0.00317987,0.815437
18800,PL,29,3,0,0,0.0021926,0.00118329,1.85297
18810,PL,3,3,10,3,0.00216666,0.00222642,0.973159
18820,PL,14,3,0,0,0.00231309,0.0014566,1.588
18830,PL,14,3,26,3,0.00264598,0.00281822,0.938883
18840,PL,0,3,0,0,0.00219604,0.00091676,2.39544
18850,PL,17,3,0,0,0.00237478,0.00138067,1.72002
18860,PL,1,3,19,4,0.00224687,0.00263881,0.851473
18870,PL,9,3,0,0,0.00216453,0.00121781,1.77739
18880,PL,25,3,15,3,0.00253876,0.00274126,0.926128
18890,PL,11,3,0,0,0.00217902,0.00124588,1.74898
18900,PL,25,3,21,3,0.00259353,0.00311003,0.833923
18910,PL,9,3,18,4,0.00221733,0.00292834,0.757198
18920,PL,18,3,0,0,0.00219778,0.00131795,1.66757
18930,PL,8,3,15,3,0.002218,0.0027594,0.8038
18940,PL,10,3,0,0,0.0022475,0.00115714,1.94229
18950,PL,9,3,5,3,0.00223196,0.00198821,1.1226
18960,PL,37,5,0,0,0.00252644,0.00228966,1.10341
18970,PL,12,3,0,0,0.00253009,0.00118937,2.12725
18980,PL,6,3,17,3,0.00224754,0.00298204,0.753693
18990,PL,33,3,0,0,0.00258178,0.00168805,1.52945
19000,PL,6,3,17,4,0.00224519,0.00252961,0.887563
19010,PL,5,3,0,0,0.00222114,0.00102977,2.15693
19020,PL,35,3,0,0,0.00277077,0.0015041,1.84214
19030,PL,34,4,0,0,0.00269802,0.00252973,1.06653
19040,PL,12,3,0,0,0.0023018,0.0010824,2.12657
19050,PL,10,3,6,3,0.0022644,0.00244276,0.926984
19060,PL,7,3,0,0,0.00227724,0.00107885,2.1108
19070,PL,6,3,0,0,0.00227637,0.00104361,2.18125
19080,PL,28,3,2,3,0.00256245,0.00267742,0.957062
19090,PL,4,3,0,0,0.00231373,0.00124047,1.8652
19100,PL,15,3,0,0,0.00230348,0.00141411,1.62892
19110,PL,5,3,0,0,0.00264761,0.00112331,2.35697
19120,PL,20,4,0,0,0.00254149,0.00174372,1.45751
19130,PL,25,3,22,3,0.00259973,0.00338127,0.76886
19140,PL,1,3,0,0,0.00221339,0.00095528,2.31701
19150,PL,10,3,0,0,0.00220745,0.00112824,1.95654
19160,PL,0,3,0,0,0.00218086,0.000897879,2.4289
19170,PL,7,3,0,0,0.00222858,0.00112344,1.98371
19180,PL,10,3,0,0,0.00261072,0.00113724,2.29566
19190,PL,9,3,3,3,0.002238,0.0025478,0.878407
19200,PL,8,3,0,0,0.00228308,0.0010927,2.08939
19210,PL,21,3,13,3,0.00235476,0.00272864,0.862981
19220,PL,25,3,0,0,0.00234618,0.00171409,1.36877
19230,PL,5,3,0,0,0.00257479,0.0011855,2.1719
19240,PL,22,4,0,0,0.00237829,0.00164764,1.44346
19250,PL,20,3,17,4,0.00262226,0.00316454,0.828637
19260,PL,0,3,0,0,0.00218959,0.000897269,2.44028
19270,PL,3,3,0,0,0.00224472,0.00094062,2.38643
19280,PL,5,3,0,0,0.00256244,0.00098487,2.6018
19290,PL,1,3,0,0,0.00225872,0.000949739,2.37826
19300,PL,2,3,0,0,0.00225342,0.00099498,2.26479
19310,PL,15,3,16,3,0.00224415,0.00258045,0.869676
19320,PL,15,3,0,0,0.00258011,0.00161647,1.59614
19330,PL,8,3,10,3,0.00232182,0.00275831,0.841757
19340,PL,3,3,0,0,0.00218988,0.000961799,2.27686
19350,PL,16,3,8,3,0.00265512,0.00294513,0.901528
19360,PL,5,3,19,3,0.00217871,0.00255778,0.851799
19370,PL,17,3,0,0,0.00306723,0.00139568,2.19765
19380,PL,0,3,0,0,0.00220501,0.000895809,2.46148
19390,PL,27,3,0,0,0.00261999,0.00171215,1.53023
19400,PL,3,3,0,0,0.00221827,0.00097542,2.27417
19410,PL,2,3,3,3,0.00219563,0.00185454,1.18392
19420,PL,8,3,48,4,0.00238557,0.0032836,0.726511
19430,PL,28,3,0,0,0.00245289,0.00143746,1.70641
19440,PL,11,3,0,0,0.00225645,0.00123143,1.83238
19450,PL,6,3,7,3,0.00227724,0.002147,1.06066
19460,PL,6,3,20,3,0.00226137,0.00277681,0.814379
19470,PL,3,3,0,0,0.00221668,0.00095796,2.31396
19480,PL,11,3,0,0,0.0023398,0.00126985,1.84258
19490,PL,16,3,0,0,0.00265085,0.00143837,1.84295
19500,PL,9,3,0,0,0.00224553,0.00109263,2.05516
19510,PL,10,3,0,0,0.00230948,0.00114751,2.0126
19520,PL,9,3,42,3,0.00240845,0.00313447,0.768377
19530,PL,9,3,6,3,0.00231286,0.00215321,1.07415
19540,PL,1,3,23,3,0.00224734,0.00228812,0.982178
19550,PL,8,3,0,0,0.00223938,0.00122259,1.83167
19560,PL,12,3,0,0,0.00229509,0.00118398,1.93845
19570,PL,16,3,0,0,0.00233902,0.0013013,1.79745
19580,PL,7,3,0,0,0.00248131,0.00119112,2.08317
19590,PL,9,3,0,0,0.00228886,0.00120281,1.90293
19600,PL,18,3,0,0,0.00234555,0.0018103,1.29567
19610,PL,18,3,0,0,0.00265436,0.00125282,2.1187
19620,PL,13,3,37,4,0.00225364,0.0032078,0.702551
19630,PL,7,3,11,3,0.00225251,0.00220224,1.02283
19640,PL,5,3,12,3,0.00228851,0.00266047,0.860192
19650,PL,8,3,0,0,0.0023346,0.00141733,1.64718
19660,PL,19,3,0,0,0.00258669,0.00161362,1.60304
19670,PL,9,3,0,0,0.00225593,0.00121514,1.85652
19680,PL,15,3,0,0,0.00265263,0.00140207,1.89193
19690,PL,14,3,0,0,0.00240268,0.00124026,1.93724
19700,PL,14,3,15,3,0.00224418,0.00240811,0.931925
19710,PL,15,3,15,3,0.00254267,0.00309367,0.821896
19720,PL,0,3,0,0,0.00214931,0.000939419,2.28792
19730,PL,11,3,0,0,0.00228051,0.00115268,1.97844
19740,PL,22,4,27,3,0.0026088,0.00357853,0.729014
19750,PL,2,3,27,3,0.00214344,0.00295527,0.725295
19760,PL,20,3,0,0,0.00254759,0.00189163,1.34677
19770,PL,5,3,14,3,0.00242471,0.00248989,0.973819
19780,PL,1,3,0,0,0.0021832,0.00093139,2.34403
19790,PL,48,4,20,4,0.00254873,0.00463003,0.550478
19800,PL,43,4,20,3,0.00257997,0.00385651,0.66899
19810,PL,6,3,0,0,0.00222982,0.00103893,2.14627
19820,PL,67,5,42,3,0.00257727,0.00466858,0.552046
19830,PL,32,5,0,0,0.0022864,0.00234964,0.973085
19840,PL,48,3,52,4,0.00259908,0.00436248,0.595779
19850,PL,0,3,0,0,0.00214154,0.000885959,2.4172
19860,PL,4,3,0,0,0.00216993,0.000938389,2.3124
19870,PL,2,3,0,0,0.00216946,0.0010058,2.15695
19880,PL,0,3,0,0,0.00218571,0.000892819,2.4481
19890,PL,13,3,47,4,0.00225921,0.00405658,0.556925
19900,PL,12,3,0,0,0.00248074,0.0013842,1.79218
19910,PL,16,3,0,0,0.00242544,0.00149303,1.6245
19920,PL,5,3,0,0,0.00242422,0.00107878,2.24719
19930,PL,11,3,0,0,0.00221256,0.00122931,1.79984
19940,PL,10,3,0,0,0.00257144,0.00149441,1.72071
19950,PL,9,3,0,0,0.00235497,0.00138366,1.70198
19960,PL,15,3,0,0,0.00232526,0.0012571,1.8497
19970,PL,11,3,0,0,0.00230957,0.00135606,1.70314
19980,PL,9,3,0,0,0.00226954,0.00140475,1.61561
19990,PL,53,5,10,3,0.00237001,0.00415501,0.570399
20000,PL,2,3,16,3,0.00220068,0.00234775,0.937357
20010,PL,7,3,0,0,0.00226562,0.00107959,2.09859
20020,PL,2,3,32,3,0.00216379,0.00263758,0.820371
20030,PL,0,3,0,0,0.00217412,0.000891049,2.43996
20040,PL,13,3,0,0,0.00232821,0.00132789,1.75331
20050,PL,30,3,0,0,0.00268076,0.00142314,1.8837
20060,PL,10,3,39,3,0.00251564,0.00342439,0.734624
20070,PL,12,3,0,0,0.00223059,0.00125286,1.7804
20080,PL,0,3,24,3,0.00232765,0.00262236,0.887619
20090,PL,4,3,0,0,0.00241229,0.00105494,2.28666
20100,PL,30,4,16,3,0.00261668,0.00337974,0.774223
20110,PL,5,3,0,0,0.00233402,0.00105368,2.21511
20120,PL,14,3,30,5,0.0026415,0.00333218,0.792722
20130,PL,0,3,36,5,0.00216565,0.00310045,0.698496
20140,PL,5,3,0,0,0.00223007,0.00107175,2.08078
20150,PL,18,4,25,5,0.00224323,0.00395367,0.56738
20160,PL,11,3,0,0,0.00220059,0.00144199,1.52608
20170,PL,9,3,0,0,0.00221777,0.00100426,2.20837
20180,PL,11,3,0,0,0.00225605,0.00106882,2.11079
20190,PL,6,3,0,0,0.0022469,0.00113548,1.97881
20200,PL,35,3,5,4,0.00236492,0.00336307,0.703203
20210,PL,0,3,0,0,0.00214954,0.000890829,2.41297
20220,PL,6,3,0,0,0.00226067,0.00110931,2.03791
20230,PL,5,3,19,3,0.00224071,0.00264629,0.846738
20240,PL,9,3,0,0,0.00223264,0.00120281,1.85619
20250,PL,1,3,0,0,0.00223519,0.000972789,2.29772
20260,PL,4,3,0,0,0.00225718,0.00104016,2.17003
20270,PL,1,3,0,0,0.00216068,0.000903769,2.39075
20280,PL,8,3,21,3,0.0022759,0.00272377,0.835572
20290,PL,8,3,46,3,0.00232906,0.0036157,0.644153
20300,PL,6,3,23,3,0.00247039,0.00262496,0.941118
20310,PL,6,3,0,0,0.00226287,0.00132438,1.70862
20320,PL,12,3,17,3,0.00225724,0.00287806,0.784294
20330,PL,26,3,0,0,0.002263,0.00145199,1.55856
20340,PL,2,3,0,0,0.00216979,0.00098945,2.19293
20350,PL,17,3,21,3,0.0027083,0.00295113,0.917715
20360,PL,4,3,28,3,0.00236937,0.00256538,0.923597
20370,PL,0,3,0,0,0.00236596,0.000892509,2.65091
20380,PL,22,3,6,3,0.00230743,0.00255156,0.904324
20390,PL,6,3,7,3,0.00219471,0.00216558,1.01345
20400,PL,24,4,9,3,0.00222334,0.0029835,0.745213
20410,PL,3,3,0,0,0.00217397,0.00107396,2.02426
20420,PL,41,3,5,3,0.00244142,0.00273716,0.891953
20430,PL,4,3,27,4,0.00211635,0.00293599,0.720831
20440,PL,7,3,24,3,0.0021859,0.00259341,0.842869
20450,PL,10,3,0,0,0.00268823,0.00121911,2.20507
20460,PL,19,3,0,0,0.00225499,0.00167537,1.34597
20470,PL,54,3,16,3,0.00275416,0.00388404,0.709096
20480,PL,39,4,0,0,0.00260245,0.00236758,1.0992
20490,PL,37,3,0,0,0.00269885,0.00220693,1.2229
20500,PL,49,5,0,0,0.00251132,0.00259806,0.966613
20510,PL,36,3,0,0,0.00260146,0.00182526,1.42525
20520,PL,17,5,0,0,0.00242173,0.00194856,1.24283
20530,PL,30,3,0,0,0.00272782,0.00145651,1.87285
20540,PL,12,3,0,0,0.00231105,0.00163871,1.41029
20550,PL,48,3,0,0,0.00280762,0.00227741,1.23281
20560,PL,7,3,0,0,0.00235594,0.0012353,1.90718
20570,PL,53,3,36,4,0.00266237,0.00431649,0.616789
20580,PL,0,3,13,5,0.00216378,0.00236268,0.915815
20590,PL,46,3,0,0,0.002557,0.00160138,1.59675
20600,PL,2,3,0,0,0.00217581,0.00100268,2.17
20610,PL,11,3,12,5,0.00227407,0.00346766,0.655794
20620,PL,32,3,16,4,0.00221964,0.0031769,0.698681
20630,PL,14,3,0,0,0.00219954,0.00134287,1.63794
20640,PL,17,3,10,3,0.00269238,0.00255587,1.05341
20650,PL,3,3,0,0,0.00221075,0.000904559,2.44401
20660,PL,27,3,0,0,0.0022573,0.00132091,1.7089
20670,PL,19,3,0,0,0.0023148,0.00153892,1.50418
20680,PL,16,3,0,0,0.00247676,0.00159277,1.555
20690,PL,32,3,0,0,0.00264056,0.00183301,1.44056
20700,PL,21,3,0,0,0.00231502,0.00143841,1.60944
20710,PL,12,3,0,0,0.00254297,0.00136696,1.8603
20720,PL,2,3,13,3,0.00268221,0.00200656,1.33672
20730,PL,36,3,5,3,0.00259956,0.00239179,1.08686
20740,PL,20,3,30,3,0.00253005,0.0031253,0.809536
20750,PL,0,3,0,0,0.00236274,0.000873499,2.70492
20760,PL,31,3,6,3,0.00275696,0.00260657,1.0577
20770,PL,10,3,0,0,0.00226703,0.00108483,2.08976
20780,PL,33,3,0,0,0.00251116,0.0013318,1.88553
20790,PL,5,3,16,4,0.00211112,0.00264068,0.799462
20800,PL,51,4,0,0,0.00264619,0.00234319,1.12931
20810,PL,31,3,10,4,0.00251491,0.00285073,0.882197
20820,PL,2,3,0,0,0.00206425,0.000870929,2.37017
20830,PL,32,5,4,3,0.0026974,0.00310401,0.869004
20840,PL,3,3,0,0,0.00243536,0.00107825,2.25862
20850,PL,16,3,0,0,0.00249955,0.00146557,1.70552
20860,PL,10,3,14,3,0.00249381,0.0026669,0.9351
20870,PL,8,3,0,0,0.00216151,0.00131757,1.64053
20880,PL,8,3,0,0,0.0022119,0.00109461,2.02072
20890,PL,11,3,0,0,0.00268379,0.00148536,1.80682
20900,PL,26,3,27,3,0.0024976,0.00333993,0.747798
20910,PL,27,4,0,0,0.00256879,0.00204462,1.25636
20920,PL,0,3,0,0,0.00221728,0.000926339,2.3936
20930,PL,46,4,19,4,0.00255186,0.00407746,0.625844
20940,PL,8,3,12,4,0.00244142,0.00263486,0.926584
20950,PL,5,3,0,0,0.00222519,0.00132531,1.67899
20960,PL,9,3,0,0,0.00262171,0.0011178,2.34541
20970,PL,19,3,23,4,0.00230799,0.00341642,0.675558
20980,PL,18,3,40,4,0.0029192,0.00396664,0.735938
20990,PL,3,3,0,0,0.00217368,0.00098978,2.19613
21000,PL,21,3,0,0,0.0025427,0.00194728,1.30577
21010,PL,23,4,0,0,0.00225563,0.00154707,1.45801
21020,PL,27,3,0,0,0.00224877,0.00150472,1.49448
21030,PL,28,3,0,0,0.00277446,0.00141577,1.95967
21040,PL,10,3,0,0,0.00220801,0.00099563,2.2177
21050,PL,24,3,24,3,0.00244054,0.00311136,0.784398
21060,PL,33,4,6,3,0.00259479,0.00331419,0.782931
21070,PL,0,3,0,0,0.00208984,0.000921409,2.26809
21080,PL,44,4,0,0,0.00262068,0.00214255,1.22316
21090,PL,45,4,12,4,0.00252573,0.00465044,0.543116
21100,PL,13,3,0,0,0.002271,0.00155995,1.45582
21110,PL,7,3,26,4,0.00218638,0.00281429,0.776886
21120,PL,23,3,0,0,0.00237656,0.00159042,1.4943
21130,PL,0,3,0,0,0.00251206,0.000886889,2.83243
21140,PL,11,3,0,0,0.00226944,0.0014838,1.52948
21150,PL,23,3,0,0,0.00234152,0.00141643,1.65312
21160,PL,9,3,0,0,0.00218603,0.00112158,1.94906
21170,PL,10,3,0,0,0.00222503,0.00131555,1.69133
21180,PL,27,4,0,0,0.00275332,0.00179175,1.53667
21190,PL,7,3,0,0,0.00244289,0.00114617,2.13134
21200,PL,38,3,0,0,0.00254955,0.00189768,1.34351
21210,PL,8,3,0,0,0.00233815,0.00139094,1.68098
21220,PL,6,3,11,3,0.00219494,0.00255616,0.858689
21230,PL,10,3,15,3,0.00221702,0.00239214,0.926793
21240,PL,0,3,0,0,0.00215887,0.00090421,2.38758
21250,PL,19,3,8,3,0.00245354,0.00279924,0.876501
21260,PL,9,3,0,0,0.00230154,0.00133338,1.72609
21270,PL,12,3,0,0,0.00225665,0.00134292,1.6804
21280,PL,28,3,0,0,0.00252045,0.00160204,1.57328
21290,PL,27,3,0,0,0.00270769,0.00149639,1.80947
21300,PL,18,3,0,0,0.00249274,0.00148734,1.67597
21310,PL,13,3,12,3,0.00214449,0.00242586,0.884015
21320,PL,4,3,6,3,0.00215533,0.00230375,0.935574
21330,PL,34,3,10,4,0.00239123,0.00331607,0.721104
21340,PL,13,3,44,3,0.00228675,0.00320523,0.713444
21350,PL,18,4,6,3,0.00229592,0.00266199,0.862485
21360,PL,6,3,17,3,0.0024511,0.00279366,0.877382
21370,PL,16,3,15,3,0.00258296,0.0026312,0.981666
21380,PL,11,3,0,0,0.00216978,0.00124141,1.74783
21390,PL,5,3,40,4,0.00220745,0.00323328,0.682728
21400,PL,0,3,14,4,0.00248097,0.00226725,1.09426
21410,PL,35,4,12,3,0.00261934,0.0031963,0.81949
21420,PL,4,3,0,0,0.00211101,0.00120758,1.74813
21430,PL,7,3,6,3,0.00211675,0.00237316,0.891953
21440,PL,24,3,0,0,0.00251825,0.00134462,1.87283
21450,PL,7,3,16,3,0.00216922,0.00270972,0.800534
21460,PL,19,3,23,4,0.00231274,0.00279931,0.826184
21470,PL,34,4,9,3,0.00232433,0.00284589,0.816734
21480,PL,13,3,13,3,0.00220462,0.00258043,0.854364
21490,PL,7,3,0,0,0.0021681,0.00116062,1.86805
21500,PL,13,3,0,0,0.00273689,0.00154551,1.77087
21510,PL,36,4,0,0,0.00265082,0.0021939,1.20826
21520,PL,50,4,0,0,0.00249366,0.0021802,1.14377
21530,PL,4,3,23,3,0.00213918,0.00233183,0.917382
21540,PL,8,3,9,3,0.00214243,0.00213218,1.00481
21550,PL,7,3,0,0,0.00221439,0.00117946,1.87746
21560,PL,5,3,0,0,0.00217982,0.0011402,1.91179
21570,PL,6,3,0,0,0.00222662,0.00122327,1.82022
21580,PL,24,3,14,3,0.00221687,0.00278361,0.796403
21590,PL,7,3,14,3,0.00218135,0.00255979,0.852162
21600,PL,5,3,0,0,0.00220717,0.00121353,1.8188
21610,PL,35,5,0,0,0.00262676,0.00235296,1.11636
21620,PL,1,3,0,0,0.002185,0.000918819,2.37805
21630,PL,10,3,13,3,0.00223298,0.00265864,0.839897
21640,PL,10,3,0,0,0.00236258,0.00137023,1.72422
21650,PL,5,3,0,0,0.0022095,0.00108545,2.03556
21660,PL,28,3,20,3,0.00243749,0.00301372,0.808796
21670,PL,26,3,0,0,0.00225977,0.00157606,1.43381
21680,PL,19,4,0,0,0.00253576,0.00185318,1.36833
21690,PL,10,3,0,0,0.00211527,0.00107646,1.96502
21700,PL,22,3,7,3,0.00250856,0.00266638,0.940814
21710,PL,12,3,15,3,0.00228302,0.00271077,0.842206
21720,PL,1,3,0,0,0.00217022,0.000905009,2.39801
21730,PL,10,4,0,0,0.00224637,0.00160251,1.40179
21740,PL,21,3,0,0,0.00224165,0.00125592,1.78486
21750,PL,12,3,0,0,0.00223284,0.00124127,1.79883
21760,PL,6,3,0,0,0.00217228,0.00103529,2.09823
21770,PL,10,3,0,0,0.00217008,0.0012901,1.6821
21780,PL,0,3,0,0,0.00215799,0.000880489,2.4509
21790,PL,8,3,0,0,0.00225384,0.00115104,1.95809
21800,PL,6,3,0,0,0.00219203,0.00113312,1.93451
21810,PL,6,3,0,0,0.00221858,0.00118607,1.87053
21820,PL,5,3,12,4,0.00216933,0.00308278,0.703693
21830,PL,8,3,0,0,0.00225864,0.00097592,2.31437
21840,PL,22,3,0,0,0.00235654,0.00153088,1.53934
21850,PL,2,3,13,3,0.00238929,0.0024916,0.958942
21860,PL,12,3,13,4,0.00224239,0.00352715,0.635752
21870,PL,9,3,12,3,0.00222167,0.00227346,0.97722
21880,PL,15,3,0,0,0.00220511,0.0010789,2.04385
21890,PL,5,3,8,3,0.00215813,0.00236004,0.914446
21900,PL,6,3,13,3,0.00217514,0.00223548,0.973008
21910,PL,19,3,0,0,0.00239263,0.00134343,1.78098
21920,PL,4,3,36,7,0.00216558,0.00379696,0.570346
21930,PL,0,3,0,0,0.00208232,0.000865409,2.40617
21940,PL,13,3,22,3,0.00231261,0.00345408,0.66953
21950,PL,9,3,11,3,0.00222969,0.00303013,0.73584
21960,PL,16,3,14,3,0.00250436,0.00279828,0.894963
21970,PL,7,3,54,4,0.00236436,0.00346927,0.681517
21980,PL,13,3,0,0,0.00226023,0.00126516,1.78652
21990,PL,44,4,0,0,0.00268752,0.00230221,1.16736
22000,PL,5,3,21,3,0.00215501,0.00258432,0.833881
22010,PL,23,3,1,3,0.00237228,0.00259748,0.913304
22020,PL,3,3,0,0,0.00220793,0.000924399,2.38851
22030,PL,0,3,0,0,0.00212063,0.000867799,2.44369
22040,PL,0,3,0,0,0.00213387,0.000870429,2.45152
22050,PL,5,3,52,5,0.00230187,0.0042732,0.538676
22060,PL,20,3,0,0,0.00249531,0.00171606,1.45409
22070,PL,8,3,0,0,0.00233482,0.00098907,2.36063
22080,PL,3,3,15,3,0.00225735,0.00216513,1.04259
22090,PL,11,3,8,3,0.00228845,0.00257458,0.888866
22100,PL,3,3,0,0,0.0022061,0.00097858,2.25439
22110,PL,25,3,0,0,0.00240398,0.00198503,1.21106
22120,PL,13,4,0,0,0.00234424,0.00164063,1.42887
22130,PL,26,4,32,4,0.00237054,0.00424186,0.558845
22140,PL,20,3,0,0,0.00267608,0.00136092,1.96637
22150,PL,13,3,0,0,0.00238815,0.00137255,1.73993
22160,PL,13,3,0,0,0.00264517,0.0014742,1.7943
22170,PL,6,3,16,3,0.00260199,0.00253661,1.02577
22180,PL,5,3,0,0,0.0022843,0.00106232,2.15029
22190,PL,1,3,15,3,0.00216307,0.00262737,0.823285
22200,PL,0,3,0,0,0.00216433,0.000899439,2.40631
22210,PL,8,3,19,3,0.00248899,0.00246723,1.00882
22220,PL,4,3,0,0,0.00219922,0.0009891,2.22346
22230,PL,0,3,14,3,0.00220537,0.00201249,1.09584
22240,PL,20,3,0,0,0.00224262,0.00153001,1.46576
22250,PL,3,3,9,3,0.00220305,0.00298129,0.738959
22260,PL,9,3,0,0,0.00223293,0.0011117,2.00857
22270,PL,9,3,0,0,0.00243666,0.00125792,1.93705
22280,PL,18,3,0,0,0.0022917,0.00140056,1.63627
22290,PL,4,3,0,0,0.00220367,0.00108244,2.03584
22300,PL,0,3,26,3,0.00232815,0.00259424,0.897433
22310,PL,24,3,28,3,0.00262341,0.00364791,0.719154
22320,PL,16,3,36,3,0.00263006,0.00329589,0.79798
22330,PL,2,3,0,0,0.00223628,0.0010443,2.14142
22340,PL,11,3,0,0,0.00220146,0.00110062,2.0002
22350,PL,24,3,11,3,0.00263552,0.00270618,0.973889
22360,PL,8,3,0,0,0.00226362,0.0012219,1.85254
22370,PL,22,4,0,0,0.00227015,0.0017904,1.26796
22380,PL,3,3,0,0,0.00231604,0.00107356,2.15735
22390,PL,1,3,0,0,0.00217913,0.000921499,2.36477
22400,PL,10,3,0,0,0.00230169,0.00129998,1.77056
22410,PL,42,3,0,0,0.00264336,0.00171004,1.54579
22420,PL,7,3,0,0,0.00215614,0.00108682,1.9839
22430,PL,9,3,13,3,0.00223735,0.00251697,0.888908
22440,PL,10,3,0,0,0.00229591,0.00132534,1.73231
22450,PL,16,3,0,0,0.00227128,0.0017633,1.28809
22460,PL,2,3,6,3,0.0021681,0.00210952,1.02777
22470,PL,6,3,0,0,0.0023225,0.00107027,2.17001
22480,PL,6,3,0,0,0.00219711,0.00104123,2.11011
22490,PL,9,3,0,0,0.00235709,0.00131015,1.7991
22500,PL,12,3,0,0,0.00225607,0.00123508,1.82666
22510,PL,35,3,43,5,0.00268741,0.00444372,0.604764
22520,PL,0,3,14,3,0.00216145,0.00226109,0.955932
22530,PL,1,3,0,0,0.00221032,0.00110938,1.99239
22540,PL,7,3,0,0,0.002307,0.00109349,2.10976
22550,PL,6,3,0,0,0.00236804,0.00114684,2.06484
22560,PL,6,3,0,0,0.00235978,0.00112338,2.10061
22570,PL,10,3,24,3,0.00227418,0.00315405,0.721035
22580,PL,6,3,0,0,0.00225235,0.00104503,2.1553
22590,PL,37,3,12,4,0.00255625,0.00314864,0.811859
22600,PL,20,4,9,3,0.00251853,0.00327466,0.769094
22610,PL,3,3,31,4,0.00225321,0.00315411,0.714373
22620,PL,7,4,0,0,0.00220945,0.00145929,1.51407
22630,PL,5,3,21,4,0.00221472,0.00298074,0.743011
22640,PL,18,3,0,0,0.00239,0.00116946,2.04368
22650,PL,27,3,0,0,0.00254666,0.0018234,1.39665
22660,PL,0,3,0,0,0.00220158,0.000892089,2.4679
22670,PL,7,3,45,3,0.00241652,0.00304264,0.794217
22680,PL,12,3,0,0,0.00232406,0.00107223,2.1675
22690,PL,15,3,0,0,0.00235714,0.00124304,1.89627
22700,PL,8,3,10,3,0.00225147,0.00294131,0.765466
22710,PL,20,3,2,3,0.00256635,0.00271483,0.945307
22720,PL,6,3,0,0,0.00219481,0.00117818,1.86288
22730,PL,4,3,0,0,0.00252082,0.00124767,2.02042
22740,PL,0,3,0,0,0.00260887,0.000895519,2.91325
22750,PL,12,3,0,0,0.0022682,0.00144214,1.5728
22760,PL,0,3,0,0,0.00218113,0.00090717,2.40433
22770,PL,12,3,125,5,0.00232673,0.00528403,0.440333
22780,PL,0,3,0,0,0.00218152,0.000898009,2.42929
22790,PL,7,3,16,3,0.00234041,0.00273834,0.854684
22800,PL,25,4,0,0,0.00248076,0.00183061,1.35516
22810,PL,11,4,0,0,0.00230928,0.0014418,1.60167
22820,PL,15,3,23,3,0.00233693,0.00298067,0.784029
22830,PL,6,3,0,0,0.00234253,0.00103255,2.26869
22840,PL,15,3,0,0,0.00229132,0.00144816,1.58224
22850,PL,2,3,3,3,0.00220258,0.00196214,1.12254
22860,PL,9,3,0,0,0.0023367,0.00113895,2.05163
22870,PL,3,3,41,5,0.00238982,0.00327362,0.730024
22880,PL,13,3,20,3,0.00229112,0.00259833,0.881769
22890,PL,34,3,26,3,0.00275439,0.00324761,0.848127
22900,PL,0,3,0,0,0.00234393,0.000905159,2.58953
22910,PL,0,3,15,3,0.00234801,0.00229843,1.02157
22920,PL,15,3,0,0,0.00224736,0.00139448,1.61161
22930,PL,0,3,0,0,0.00216477,0.000873689,2.47774
22940,PL,28,3,0,0,0.0022934,0.00141054,1.6259
22950,PL,1,3,0,0,0.00221359,0.00096016,2.30544
22960,PL,9,3,14,3,0.00240543,0.00257348,0.934702
22970,PL,6,3,10,3,0.00225795,0.00211486,1.06766
22980,PL,22,3,26,5,0.00270405,0.00397873,0.679625
22990,PL,0,3,1,3,0.0022621,0.00187492,1.20651
23000,PL,12,3,25,3,0.00221112,0.0030955,0.714302
23010,PL,11,3,0,0,0.00232474,0.0013572,1.71289
23020,PL,21,3,4,3,0.0022709,0.00254503,0.892291
23030,PL,9,3,0,0,0.0025001,0.00110514,2.26224
23040,PL,0,3,0,0,0.00216604,0.000877018,2.46978
23050,PL,26,3,12,5,0.0026442,0.00322977,0.818694
23060,PL,15,3,0,0,0.00267951,0.00144962,1.84843
23070,PL,24,3,0,0,0.0025885,0.00175089,1.47839
23080,PL,36,3,11,3,0.00263853,0.00284448,0.927596
23090,PL,10,3,18,3,0.00228028,0.00236617,0.9637
23100,PL,20,4,0,0,0.00223578,0.00145244,1.53932
23110,PL,10,3,0,0,0.00224829,0.00133288,1.68679
23120,PL,0,3,0,0,0.00243405,0.00096606,2.51956
23130,PL,6,3,0,0,0.00234446,0.00115063,2.03755
23140,PL,5,3,0,0,0.00220812,0.001005,2.19713
23150,PL,14,3,0,0,0.0027353,0.0011242,2.4331
23160,PL,13,3,0,0,0.00227288,0.00135077,1.68265
23170,PL,4,3,21,3,0.00226502,0.00312191,0.725524
23180,PL,1,3,0,0,0.0024971,0.00093928,2.65853
23190,PL,7,3,2,3,0.00227319,0.00217714,1.04412
23200,PL,22,4,0,0,0.00231139,0.00171392,1.3486
23210,PL,0,3,0,0,0.00217015,0.000885799,2.44994
23220,PL,0,3,0,0,0.0021756,0.00091065,2.38906
23230,PL,5,3,14,3,0.00219423,0.0026806,0.818561
23240,PL,3,3,0,0,0.00218551,0.00092046,2.37437
23250,PL,6,3,0,0,0.00234127,0.00113339,2.06572
23260,PL,33,3,43,3,0.00252255,0.00371706,0.678641
23270,PL,24,3,0,0,0.00263869,0.0015864,1.66332
23280,PL,5,3,0,0,0.00229822,0.000928629,2.47486
23290,PL,16,3,0,0,0.0025555,0.00146119,1.74892
23300,PL,4,3,0,0,0.00236811,0.00107261,2.2078
23310,PL,5,3,0,0,0.00224965,0.0011416,1.97061
23320,PL,2,3,0,0,0.00218225,0.000904289,2.41322
23330,PL,14,3,0,0,0.00229439,0.0016037,1.43069
23340,PL,3,3,0,0,0.00230666,0.000928719,2.4837
23350,PL,13,3,0,0,0.00228645,0.00124735,1.83304
23360,PL,18,3,0,0,0.0026872,0.00138701,1.9374
23370,PL,19,3,0,0,0.00252024,0.00148722,1.6946
23380,PL,0,3,14,3,0.00217531,0.00230173,0.945076
23390,PL,0,3,9,3,0.00235494,0.00241319,0.975862
23400,PL,0,3,18,3,0.0021859,0.00242744,0.900495
23410,PL,25,3,21,3,0.00255511,0.00297344,0.85931
23420,PL,6,3,0,0,0.00225209,0.0011283,1.996
23430,PL,23,5,0,0,0.00232416,0.00235006,0.988979
23440,PL,0,3,0,0,0.00217978,0.000900529,2.42056
23450,PL,6,3,0,0,0.00222042,0.00119798,1.85347
23460,PL,2,3,29,4,0.00223986,0.00292946,0.7646
23470,PL,14,3,18,3,0.00217866,0.0022369,0.973964
23480,PL,24,3,0,0,0.00224783,0.00168365,1.3351
23490,PL,3,3,0,0,0.00217938,0.00098331,2.21637
23500,PL,19,3,0,0,0.00248235,0.00160403,1.54758
23510,PL,4,3,0,0,0.0021531,0.00092059,2.33883
23520,PL,7,3,15,3,0.0021933,0.00234311,0.936063
23530,PL,9,3,0,0,0.00253472,0.00131082,1.93368
23540,PL,12,3,11,3,0.00218646,0.00229512,0.952656
23550,PL,26,3,0,0,0.00264244,0.00161125,1.63999
23560,PL,21,3,7,3,0.00223098,0.00212237,1.05117
23570,PL,18,3,0,0,0.00225345,0.0013654,1.65039
23580,PL,4,3,0,0,0.00218789,0.00115643,1.89193
23590,PL,39,4,7,4,0.00251045,0.00380622,0.659567
23600,PL,25,3,8,4,0.00266216,0.00348689,0.763477
23610,PL,1,3,0,0,0.0022379,0.0009424,2.37468
23620,PL,8,3,0,0,0.00222717,0.00127554,1.74606
23630,PL,12,3,16,3,0.00235689,0.00257343,0.915858
23640,PL,6,3,9,3,0.00220777,0.00253722,0.870153
23650,PL,17,3,36,6,0.00229713,0.00449957,0.510523
23660,PL,6,3,0,0,0.00215197,0.0011585,1.85755
23670,PL,14,3,0,0,0.0025481,0.00149979,1.69897
23680,PL,4,3,0,0,0.00215776,0.00102321,2.10882
23690,PL,0,3,11,3,0.002145,0.00214257,1.00113
23700,PL,7,3,0,0,0.00226649,0.00115741,1.95824
23710,PL,16,3,0,0,0.00222652,0.00145702,1.52814
23720,PL,14,3,0,0,0.002306,0.00133492,1.72744
23730,PL,16,3,0,0,0.00222253,0.0013338,1.66631
23740,PL,34,3,0,0,0.0025471,0.00196957,1.29322
23750,PL,10,3,0,0,0.00246094,0.0012733,1.93273
23760,PL,21,3,0,0,0.00224622,0.00167703,1.33941
23770,PL,13,3,9,3,0.00227554,0.00271765,0.837321
23780,PL,19,3,25,3,0.00263604,0.0030967,0.85124
23790,PL,25,4,0,0,0.00248781,0.00207455,1.1992
23800,PL,8,3,22,3,0.00228672,0.00300533,0.760889
23810,PL,9,3,0,0,0.00217596,0.00147952,1.47072
23820,PL,44,3,0,0,0.0024419,0.00165839,1.47246
23830,PL,8,3,17,4,0.00213487,0.003031,0.704345
23840,PL,37,4,0,0,0.00266591,0.00167642,1.59024
23850,PL,33,3,0,0,0.00264351,0.00180329,1.46594
23860,PL,8,3,0,0,0.00221179,0.00114305,1.93499
23870,PL,4,3,0,0,0.00266968,0.00096927,2.75432
23880,PL,22,3,0,0,0.0025775,0.0017191,1.49933
23890,PL,0,3,38,4,0.00217888,0.00271406,0.802814
23900,PL,0,3,0,0,0.00223818,0.000917169,2.44032
23910,PL,8,3,0,0,0.00222791,0.00104175,2.13862
23920,PL,8,3,0,0,0.00215834,0.00134458,1.60521
23930,PL,9,3,0,0,0.00218333,0.0011363,1.92144
23940,PL,1,3,0,0,0.00217133,0.000882309,2.46097
23950,PL,6,3,0,0,0.00220552,0.00127181,1.73416
23960,PL,13,3,0,0,0.00227397,0.00136816,1.66206
23970,PL,15,3,32,4,0.00251172,0.00377206,0.665877
23980,PL,23,4,35,4,0.00257235,0.0048537,0.529976
23990,PL,5,3,0,0,0.00223091,0.00099099,2.2512
24000,PL,0,3,0,0,0.0021584,0.000946449,2.28053
24010,PL,24,4,0,0,0.00273076,0.00174817,1.56207
24020,PL,33,4,49,5,0.0026376,0.00464103,0.568322
24030,PL,7,3,23,3,0.00220086,0.00278703,0.789681
24040,PL,5,3,0,0,0.00223577,0.00137039,1.63148
24050,PL,0,3,0,0,0.00214736,0.000888989,2.41551
24060,PL,9,3,0,0,0.00234287,0.00121618,1.92642
24070,PL,5,3,0,0,0.00217371,0.00119601,1.81747
24080,PL,20,3,0,0,0.0024318,0.00150439,1.61648
24090,PL,8,3,6,3,0.00220541,0.0021323,1.03429
24100,PL,7,3,15,3,0.00264328,0.00236795,1.11627
24110,PL,24,3,0,0,0.00232764,0.001562,1.49017
24120,PL,10,3,0,0,0.00215912,0.00112631,1.91698
24130,PL,0,3,0,0,0.00216562,0.000931419,2.32508
24140,PL,3,3,0,0,0.00222569,0.000954249,2.3324
24150,PL,15,3,0,0,0.00244083,0.00129686,1.88211
24160,PL,2,3,0,0,0.00225063,0.00100184,2.2465
24170,PL,8,3,0,0,0.00225077,0.00134827,1.66937
24180,PL,0,3,0,0,0.00228088,0.000887889,2.56888
24190,PL,26,3,0,0,0.0024643,0.00182917,1.34722
24200,PL,10,3,20,3,0.00226046,0.00274955,0.822122
24210,PL,18,3,0,0,0.00222972,0.0012509,1.78249
24220,PL,7,3,23,4,0.00221602,0.00317835,0.697224
24230,PL,2,3,8,3,0.00223323,0.00231844,0.963247
24240,PL,0,3,0,0,0.00218239,0.000891489,2.44803
24250,PL,18,3,13,3,0.00266991,0.00262412,1.01745
24260,PL,6,3,0,0,0.00222704,0.001354,1.64478
24270,PL,21,3,11,3,0.00235641,0.00261688,0.900468
24280,PL,6,3,22,3,0.00226246,0.00289819,0.780647
24290,PL,9,3,0,0,0.00266035,0.00132379,2.00964
24300,PL,8,3,18,4,0.00259713,0.00296344,0.876389
24310,PL,0,3,14,4,0.00217228,0.00248618,0.873744
24320,PL,32,6,0,0,0.00250849,0.00269914,0.929366
24330,PL,7,3,0,0,0.00222488,0.00111337,1.99833
24340,PL,2,3,10,3,0.00215108,0.00206255,1.04292
24350,PL,21,3,0,0,0.00258673,0.00137946,1.87517
24360,PL,14,3,0,0,0.00229319,0.00119442,1.91992
24370,PL,27,3,0,0,0.00261312,0.00198663,1.31535
24380,PL,11,3,0,0,0.00231992,0.00108879,2.13073
24390,PL,3,3,12,3,0.00235662,0.00206161,1.1431
24400,PL,15,3,0,0,0.00221691,0.00126013,1.75927
24410,PL,16,3,0,0,0.0022278,0.00135082,1.64922
24420,PL,3,3,0,0,0.00217607,0.00102388,2.12532
24430,PL,15,3,18,3,0.00227879,0.00237708,0.958651
24440,PL,15,3,0,0,0.0022513,0.00134192,1.67767
24450,PL,9,3,0,0,0.00240465,0.00130264,1.84598
24460,PL,10,3,0,0,0.00223259,0.00125666,1.7766
24470,PL,0,3,0,0,0.002206,0.000889029,2.48136
24480,PL,0,3,0,0,0.0021523,0.00089111,2.4153
24490,PL,29,3,40,4,0.00265632,0.00441309,0.601918
24500,PL,3,3,0,0,0.0023254,0.00107237,2.16847
24510,PL,16,3,0,0,0.00260759,0.00159213,1.6378
24520,PL,4,3,0,0,0.00216339,0.0009996,2.16426
24530,PL,44,4,27,3,0.0027654,0.00428697,0.64507
24540,PL,8,3,0,0,0.00223193,0.00118151,1.88905
24550,PL,32,4,0,0,0.00231228,0.00196879,1.17447
24560,PL,15,3,0,0,0.0022488,0.00123596,1.81947
24570,PL,21,3,0,0,0.00239667,0.00151523,1.58173
24580,PL,17,4,29,4,0.00223312,0.00336738,0.663162
24590,PL,0,3,6,3,0.00215868,0.00196544,1.09832
24600,PL,8,3,0,0,0.0022326,0.00111362,2.00481
24610,PL,0,3,14,3,0.0023076,0.0024477,0.942763
24620,PL,42,3,0,0,0.00250637,0.0018145,1.3813
24630,PL,3,3,35,3,0.00243533,0.00285583,0.852757
24640,PL,18,3,0,0,0.00229988,0.00129736,1.77274
24650,PL,0,3,14,3,0.00225588,0.00220356,1.02374
24660,PL,19,3,0,0,0.00263343,0.00169004,1.55821
24670,PL,33,3,3,3,0.0024065,0.00273394,0.880232
24680,PL,10,3,0,0,0.00219474,0.00120716,1.81811
24690,PL,5,3,25,3,0.00236175,0.00266946,0.884729
24700,PL,3,3,0,0,0.00246489,0.00100672,2.44845
24710,PL,10,3,25,3,0.00227384,0.00300943,0.755573
24720,PL,4,3,8,3,0.00221101,0.00235288,0.939704
24730,PL,1,3,0,0,0.00218688,0.000891644,2.45264
24740,PL,3,3,14,3,0.00219843,0.00213279,1.03078
24750,PL,46,3,18,3,0.00249539,0.00331889,0.751876
24760,PL,5,3,0,0,0.002319,0.000966935,2.3983
24770,PL,9,3,7,3,0.00216987,0.00222161,0.976711
24780,PL,27,3,0,0,0.00258531,0.00168583,1.53356
24790,PL,42,3,0,0,0.00270193,0.0019201,1.40718
24800,PL,0,3,0,0,0.00232682,0.000935885,2.48623
24810,PL,12,3,0,0,0.00237056,0.00141198,1.67889
24820,PL,24,3,17,3,0.00259591,0.00310722,0.835446
24830,PL,9,3,0,0,0.00250254,0.00153709,1.62811
24840,PL,25,4,0,0,0.00265923,0.0016289,1.63254
24850,PL,0,3,3,3,0.002168,0.00187778,1.15456
24860,PL,10,3,28,3,0.00225777,0.00297618,0.758615
24870,PL,1,3,0,0,0.00215239,0.000948934,2.26822
24880,PL,7,3,0,0,0.00216055,0.00107416,2.0114
24890,PL,13,3,0,0,0.00217796,0.00139511,1.56114
24900,PL,0,3,15,3,0.00211917,0.00199328,1.06316
24910,PL,4,3,28,4,0.00241238,0.00308512,0.781942
24920,PL,7,3,0,0,0.00233923,0.000924715,2.52968
24930,PL,11,3,0,0,0.00213794,0.00115592,1.84956
24940,PL,4,3,0,0,0.00219367,0.00105901,2.07142
24950,PL,5,3,0,0,0.0021423,0.00134212,1.59621
24960,PL,7,3,11,3,0.00225109,0.00273451,0.823214
24970,PL,6,3,0,0,0.00212168,0.00121243,1.74995
24980,PL,11,3,0,0,0.00211472,0.00110325,1.91682
24990,PL,14,3,0,0,0.00228099,0.00128772,1.77134
25000,PL,23,3,0,0,0.00253976,0.0014222,1.7858
25010,PL,3,3,11,3,0.00246159,0.00222614,1.10577
25020,PL,11,3,14,3,0.00217525,0.0024548,0.886121
25030,PL,24,3,0,0,0.00226727,0.00157187,1.44241
25040,PL,6,3,28,4,0.00217956,0.00295523,0.737526
25050,PL,6,3,10,3,0.00217104,0.00215462,1.00762
25060,PL,25,3,0,0,0.0025389,0.00182964,1.38765
25070,PL,10,3,0,0,0.00215055,0.00125771,1.7099
25080,PL,10,3,0,0,0.00215733,0.00101779,2.11961
25090,PL,0,3,20,3,0.00214991,0.00203744,1.0552
25100,PL,1,3,6,3,0.00216767,0.00204148,1.06181
25110,PL,0,3,34,4,0.00240869,0.0030479,0.790278
25120,PL,7,3,6,3,0.00218035,0.0024286,0.89778
25130,PL,26,3,5,3,0.00229289,0.00244894,0.936278
25140,PL,27,3,14,3,0.00229023,0.00284607,0.804699
25150,PL,18,3,47,6,0.00214131,0.00391283,0.547254
25160,PL,15,3,0,0,0.00232632,0.00136743,1.70124
25170,PL,18,3,0,0,0.00270436,0.00163159,1.6575
25180,PL,6,3,17,3,0.00222222,0.00281417,0.789653
25190,PL,13,3,0,0,0.00242601,0.00123439,1.96536
25200,PL,18,3,0,0,0.00214917,0.00138686,1.54967
25210,PL,8,3,0,0,0.00224901,0.00121239,1.85503
25220,PL,10,3,0,0,0.00222758,0.00126847,1.75612
25230,PL,4,3,0,0,0.00223883,0.00111553,2.00697
25240,PL,8,3,8,3,0.00225815,0.00223513,1.0103
25250,PL,3,3,0,0,0.00216035,0.00104118,2.07492
25260,PL,13,3,0,0,0.0022006,0.00126246,1.74311
25270,PL,15,3,14,3,0.00228263,0.00248865,0.917215
25280,PL,2,3,0,0,0.0022094,0.000946475,2.33435
25290,PL,5,3,27,4,0.0022093,0.00292108,0.756329
25300,PL,7,3,0,0,0.00217879,0.00118742,1.8349
25310,PL,14,3,0,0,0.00218676,0.00132232,1.65374
25320,PL,1,3,0,0,0.00220065,0.000980355,2.24475
25330,PL,39,3,6,3,0.00238905,0.00273779,0.87262
25340,PL,25,3,3,3,0.00261577,0.00223972,1.1679
25350,PL,12,3,0,0,0.00228274,0.00147847,1.54399
25360,PL,3,3,14,3,0.00220725,0.00218843,1.0086
25370,PL,0,3,0,0,0.00213684,0.000875024,2.44204
25380,PL,15,3,0,0,0.0022673,0.00105522,2.14864
25390,PL,15,3,7,3,0.00224645,0.00307912,0.729577
25400,PL,21,3,19,5,0.0025186,0.0036952,0.681588
25410,PL,11,3,0,0,0.00214807,0.00139374,1.54123
25420,PL,10,3,21,3,0.00220429,0.00284778,0.774039
25430,PL,4,3,11,4,0.00215115,0.00244733,0.878978
25440,PL,6,3,0,0,0.00220901,0.000987745,2.23642
25450,PL,5,3,0,0,0.00207187,0.000977465,2.11964
25460,PL,19,3,0,0,0.00220145,0.00120991,1.81952
25470,PL,10,3,0,0,0.00223318,0.00149737,1.49141
25480,PL,1,3,0,0,0.00241173,0.000908435,2.65482
25490,PL,18,3,0,0,0.00222281,0.00145544,1.52724
25500,PL,15,3,0,0,0.00211642,0.00114033,1.85598
25510,PL,21,3,0,0,0.00230301,0.00164277,1.40191
25520,PL,28,4,20,3,0.00220903,0.00292577,0.755024
25530,PL,4,3,0,0,0.00210632,0.000993995,2.11904
25540,PL,8,3,0,0,0.00220879,0.00106433,2.0753
25550,PL,0,3,0,0,0.00209761,0.000871344,2.40733
25560,PL,6,3,13,3,0.002165,0.00256202,0.845036
25570,PL,11,3,12,3,0.00222447,0.00237391,0.937049
25580,PL,12,4,0,0,0.00240242,0.00175977,1.36519
25590,PL,9,3,33,6,0.00216187,0.00369695,0.584772
25600,PL,22,3,25,4,0.00249392,0.00320163,0.778953
25610,PL,23,3,19,4,0.00254943,0.00335368,0.76019
25620,PL,25,3,0,0,0.00248113,0.0017429,1.42357
25630,PL,5,3,0,0,0.0021769,0.000984874,2.21033
25640,PL,2,3,22,3,0.00221087,0.00231926,0.953265
25650,PL,6,3,0,0,0.00215515,0.00104111,2.07006
25660,PL,1,3,0,0,0.00216444,0.000885824,2.44342
25670,PL,10,3,0,0,0.00217967,0.00123383,1.7666
25680,PL,22,3,8,3,0.00223606,0.00269804,0.828771
25690,PL,18,3,0,0,0.00260729,0.00136673,1.90769
25700,PL,4,3,0,0,0.0021191,0.00103422,2.04899
25710,PL,5,3,24,4,0.00221854,0.00294321,0.753782
25720,PL,8,3,25,3,0.00231872,0.00300153,0.772515
25730,PL,10,4,16,3,0.00218592,0.00322742,0.677297
25740,PL,0,3,0,0,0.0021408,0.000873404,2.4511
25750,PL,13,3,0,0,0.00216319,0.00129495,1.67049
25760,PL,5,3,0,0,0.00218152,0.00104225,2.09308
25770,PL,17,3,9,3,0.00224095,0.0024959,0.897852
25780,PL,16,4,9,3,0.00217862,0.00316744,0.687817
25790,PL,4,3,13,3,0.0021803,0.00257029,0.848269
25800,PL,12,3,0,0,0.00217205,0.00128407,1.69154
25810,PL,8,3,0,0,0.00218368,0.00107431,2.03263
25820,PL,2,3,14,3,0.00225172,0.00267634,0.841342
25830,PL,0,3,0,0,0.00260488,0.000898824,2.8981
25840,PL,12,3,0,0,0.00233398,0.00107978,2.16154
25850,PL,24,4,0,0,0.00219336,0.00175781,1.24778
25860,PL,4,3,0,0,0.00218788,0.000966825,2.26295
25870,PL,6,3,0,0,0.00218907,0.00103413,2.11683
25880,PL,6,3,0,0,0.00240763,0.00114873,2.0959
25890,PL,0,3,0,0,0.0021326,0.000905595,2.35492
25900,PL,1,3,0,0,0.00210839,0.000874734,2.41032
25910,PL,10,3,0,0,0.00255183,0.00148585,1.71743
25920,PL,44,3,12,3,0.00242369,0.00288301,0.840683
25930,PL,10,3,0,0,0.0023137,0.00127738,1.81129
25940,PL,0,3,25,3,0.00213069,0.00252442,0.84403
25950,PL,12,3,0,0,0.00224172,0.00130008,1.7243
25960,PL,3,3,0,0,0.00219803,0.000920574,2.38767
25970,PL,10,3,0,0,0.00225711,0.00118,1.91281
25980,PL,13,3,0,0,0.00221434,0.00136985,1.61649
25990,PL,25,3,0,0,0.00247949,0.00140638,1.76304
26000,PL,17,3,0,0,0.00225978,0.00127824,1.76789
26010,PL,0,3,0,0,0.0021167,0.000857694,2.4679
26020,PL,9,3,17,4,0.00222677,0.00257552,0.86459
26030,PL,3,3,0,0,0.00220258,0.00110295,1.997
26040,PL,14,3,4,3,0.00222337,0.00226406,0.982028
26050,PL,0,3,6,3,0.00214322,0.00187493,1.14309
26060,PL,40,3,0,0,0.00258756,0.00170081,1.52137
26070,PL,5,3,0,0,0.00221799,0.0010623,2.0879
26080,PL,15,3,12,3,0.00220813,0.00269044,0.820731
26090,PL,0,3,0,0,0.00215159,0.000886294,2.42763
26100,PL,2,3,0,0,0.00217361,0.001055,2.06029
26110,PL,6,3,26,5,0.00224107,0.00313495,0.714867
26120,PL,2,3,0,0,0.00218029,0.000912814,2.38854
26130,PL,0,3,0,0,0.00212938,0.000879234,2.42186
26140,PL,4,3,0,0,0.0021844,0.000942454,2.31778
26150,PL,19,4,0,0,0.00237518,0.00170947,1.38943
26160,PL,3,3,10,3,0.00213644,0.002251,0.949106
26170,PL,21,3,21,3,0.00224057,0.00273868,0.81812
26180,PL,6,3,16,3,0.00219298,0.00273183,0.80275
26190,PL,3,3,0,0,0.00213294,0.00126383,1.68769
26200,PL,4,3,19,3,0.00215766,0.00274452,0.786169
26210,PL,4,3,0,0,0.00220503,0.000929684,2.37181
26220,PL,9,3,0,0,0.00218093,0.00117649,1.85377
26230,PL,2,3,0,0,0.00210546,0.000965345,2.18104
26240,PL,13,3,0,0,0.00213481,0.00117617,1.81506
26250,PL,0,3,0,0,0.00210272,0.000876214,2.39978
26260,PL,4,3,0,0,0.00219895,0.00112534,1.95404
26270,PL,3,3,0,0,0.00214209,0.000893584,2.39719
26280,PL,10,3,0,0,0.00237779,0.00121819,1.95191
26290,PL,20,3,0,0,0.00248875,0.00125387,1.98486
26300,PL,24,3,0,0,0.00229751,0.00165202,1.39073
26310,PL,49,4,11,3,0.00253781,0.003244,0.782311
26320,PL,3,3,0,0,0.00212599,0.00122033,1.74215
26330,PL,15,3,6,3,0.00217088,0.0024817,0.874755
26340,PL,21,3,8,3,0.00262493,0.00264986,0.990592
26350,PL,9,3,0,0,0.00246883,0.00127027,1.94356
26360,PL,4,3,8,3,0.00216461,0.00240113,0.901496
26370,PL,7,3,0,0,0.00214862,0.00112919,1.90279
26380,PL,5,3,17,3,0.0021644,0.00251896,0.859243
26390,PL,16,3,0,0,0.00240377,0.00146378,1.64217
26400,PL,22,3,32,4,0.00242321,0.00326826,0.741439
26410,PL,4,3,0,0,0.00253211,0.00122411,2.06854
26420,PL,6,3,11,4,0.00224709,0.00266247,0.843986
26430,PL,9,3,15,3,0.00229112,0.00264528,0.866116
26440,PL,4,3,0,0,0.00221246,0.000973895,2.27177
26450,PL,5,3,0,0,0.0021365,0.000999225,2.13816
26460,PL,3,3,16,3,0.00218892,0.00237573,0.921367
26470,PL,38,3,0,0,0.00234534,0.00168199,1.39439
26480,PL,7,3,14,4,0.00222705,0.00260051,0.856389
26490,PL,12,3,0,0,0.002222,0.00122352,1.81608
26500,PL,5,3,12,3,0.00226978,0.00255903,0.886969
26510,PL,17,3,0,0,0.00233105,0.00130966,1.7799
26520,PL,3,3,7,4,0.00219382,0.00237173,0.924986
26530,PL,8,3,0,0,0.00228809,0.00108061,2.11742
26540,PL,3,3,13,3,0.00214294,0.00238085,0.900073
26550,PL,27,3,0,0,0.00262771,0.00146536,1.79322
26560,PL,2,3,0,0,0.00226409,0.00120091,1.88532
26570,PL,20,3,0,0,0.00243429,0.00149151,1.6321
26580,PL,15,3,7,3,0.00229885,0.00241221,0.953006
26590,PL,0,3,0,0,0.00213484,0.000916005,2.3306
26600,PL,3,3,0,0,0.00217638,0.000907215,2.39897
26610,PL,3,3,0,0,0.00218183,0.001031,2.11624
26620,PL,6,3,29,3,0.00237161,0.00250365,0.947261
26630,PL,25,3,12,3,0.00228739,0.00243354,0.939943
26640,PL,9,3,0,0,0.00219831,0.00120517,1.82407
26650,PL,1,3,0,0,0.0022022,0.00100122,2.19951
26660,PL,9,3,0,0,0.00220822,0.00115572,1.9107
26670,PL,43,4,13,3,0.00260337,0.00354989,0.733368
26680,PL,22,3,10,4,0.00267349,0.00287176,0.930959
26690,PL,2,3,0,0,0.00223001,0.00111349,2.00273
26700,PL,5,3,0,0,0.00217995,0.00125124,1.74224
26710,PL,10,3,0,0,0.00223435,0.00117642,1.89929
26720,PL,13,3,0,0,0.0023397,0.00126837,1.84466
26730,PL,11,3,0,0,0.00224321,0.00131122,1.71079
26740,PL,0,3,8,3,0.00218226,0.00268014,0.814233
26750,PL,2,3,0,0,0.00224643,0.00101493,2.2134
26760,PL,5,3,6,3,0.00220348,0.00223585,0.985522
26770,PL,6,3,7,3,0.00221271,0.00216447,1.02229
26780,PL,5,3,0,0,0.00218565,0.00105119,2.07921
26790,PL,26,3,0,0,0.00243184,0.0016188,1.50225
26800,PL,21,3,0,0,0.00263128,0.00174194,1.51055
26810,PL,1,3,0,0,0.00218576,0.000909584,2.40303
26820,PL,15,3,0,0,0.00226635,0.00115482,1.96252
26830,PL,38,4,9,3,0.00259661,0.00342876,0.757304
26840,PL,0,3,22,3,0.0021687,0.00224683,0.965227
26850,PL,12,3,0,0,0.00221371,0.00113151,1.95643
26860,PL,10,3,12,3,0.00227446,0.00316875,0.71778
26870,PL,0,3,5,3,0.00230183,0.00207102,1.11145
26880,PL,17,3,23,3,0.00261536,0.0026929,0.971205
26890,PL,14,3,0,0,0.00225341,0.00128338,1.75585
26900,PL,26,3,0,0,0.00245695,0.00136833,1.79559
26910,PL,25,3,0,0,0.0024643,0.00151026,1.63171
26920,PL,5,3,0,0,0.00217695,0.00115152,1.89051
26930,PL,17,3,0,0,0.00228474,0.00131269,1.74051
26940,PL,22,4,34,4,0.00218537,0.00346284,0.631093
26950,PL,52,3,0,0,0.00260243,0.0018761,1.38715
26960,PL,8,3,18,3,0.0022283,0.0031169,0.714911
26970,PL,19,3,9,3,0.00257524,0.00300461,0.857096
26980,PL,11,3,16,3,0.00223365,0.00242983,0.919261
26990,PL,20,3,0,0,0.00222602,0.00128534,1.73186
27000,PL,11,3,23,4,0.00220806,0.0034648,0.637284
27010,PL,3,3,9,4,0.00221671,0.00276776,0.800903
27020,PL,4,3,0,0,0.00218777,0.00101592,2.1535
27030,PL,18,3,19,3,0.00259769,0.00303272,0.856557
27040,PL,8,3,0,0,0.00237816,0.00118979,1.99881
27050,PL,10,3,0,0,0.00253883,0.00123743,2.0517
27060,PL,3,3,0,0,0.00224133,0.000984984,2.2755
27070,PL,0,3,0,0,0.00214899,0.000883765,2.43163
27080,PL,12,3,0,0,0.00227873,0.00125035,1.82248
27090,PL,6,3,0,0,0.0021816,0.00108248,2.01538
27100,PL,10,3,0,0,0.00226377,0.0013721,1.64986
27110,PL,11,3,4,3,0.00220171,0.00197784,1.11319
27120,PL,16,3,0,0,0.00231793,0.00142561,1.62593
27130,PL,7,3,21,4,0.00220656,0.00294315,0.749727
27140,PL,22,3,0,0,0.00260843,0.00147922,1.76339
27150,PL,4,3,19,4,0.00223407,0.00287021,0.778364
27160,PL,2,3,0,0,0.00262296,0.000938625,2.79447
27170,PL,5,3,0,0,0.00219668,0.000962574,2.28209
27180,PL,13,3,0,0,0.00229132,0.00131521,1.74218
27190,PL,13,3,10,3,0.0022301,0.00252068,0.884721
27200,PL,2,3,0,0,0.00224642,0.000984155,2.28259
27210,PL,6,3,0,0,0.00224228,0.00112764,1.98848
27220,PL,26,3,8,3,0.00257766,0.00279808,0.921224
27230,PL,6,3,0,0,0.00222374,0.000992794,2.23988
27240,PL,5,3,0,0,0.00261343,0.0012146,2.15169
27250,PL,3,3,0,0,0.00215365,0.000961855,2.23906
27260,PL,0,3,0,0,0.00267707,0.000908635,2.94626
27270,PL,4,3,0,0,0.00219728,0.000974345,2.25514
27280,PL,7,3,7,3,0.00221945,0.00225764,0.983083
27290,PL,7,3,10,3,0.0022648,0.00273881,0.826928
27300,PL,4,3,15,3,0.0021549,0.00276333,0.77982
27310,PL,6,3,14,3,0.0022389,0.00300431,0.745229
27320,PL,5,3,9,3,0.002212,0.00222153,0.99571
27330,PL,10,3,0,0,0.00224814,0.00128404,1.75084
27340,PL,26,3,0,0,0.00223043,0.00149957,1.48738
27350,PL,20,4,8,3,0.0022824,0.00288247,0.79182
27360,PL,31,3,27,3,0.0026966,0.00347578,0.775828
27370,PL,1,3,20,4,0.00219988,0.00237984,0.924381
27380,PL,22,3,14,3,0.00229916,0.00328087,0.700777
27390,PL,4,3,0,0,0.0022337,0.000988044,2.26073
27400,PL,1,3,0,0,0.00219957,0.0010033,2.19232
27410,PL,5,3,31,4,0.00232068,0.00319345,0.726701
27420,PL,10,3,0,0,0.00281752,0.00114676,2.45693
27430,PL,7,3,12,4,0.0022097,0.00285298,0.774522
27440,PL,21,3,19,3,0.00228642,0.00278356,0.821401
27450,PL,25,4,0,0,0.00266393,0.00180333,1.47723
27460,PL,0,3,0,0,0.00253548,0.000885745,2.86254
27470,PL,29,4,17,3,0.00261373,0.003228,0.809705
27480,PL,49,5,0,0,0.0026679,0.00184162,1.44867
27490,PL,18,3,13,3,0.00231437,0.00309889,0.746838
27500,PL,6,3,0,0,0.0024685,0.00125457,1.96761
27510,PL,24,3,0,0,0.00233847,0.00181653,1.28733
27520,PL,9,3,0,0,0.00228284,0.0011057,2.06462
27530,PL,37,3,20,3,0.0025827,0.00375452,0.687892
27540,PL,13,3,0,0,0.00217376,0.00126431,1.71933
27550,PL,8,3,0,0,0.00216161,0.00120989,1.78662
27560,PL,9,3,15,3,0.00252783,0.00290321,0.870702
27570,PL,30,3,0,0,0.002643,0.00149628,1.76639
27580,PL,8,4,0,0,0.0022966,0.00141318,1.62513
27590,PL,4,3,0,0,0.0022219,0.00102155,2.17502
27600,PL,26,3,6,3,0.00245982,0.00267771,0.918628
27610,PL,0,3,11,3,0.0021464,0.00249928,0.858807
27620,PL,26,4,0,0,0.00219624,0.00184188,1.19239
27630,PL,10,3,0,0,0.00219625,0.00119508,1.83775
27640,PL,31,3,10,3,0.0025355,0.00338311,0.74946
27650,PL,7,3,14,3,0.00224595,0.00267674,0.839061
27660,PL,31,4,7,3,0.00242998,0.00330435,0.735389
27670,PL,6,3,0,0,0.00221015,0.00113057,1.95491
27680,PL,35,3,0,0,0.00254931,0.00189069,1.34835
27690,PL,9,3,23,4,0.00218506,0.00311254,0.702017
27700,PL,27,3,0,0,0.00230243,0.00142766,1.61273
27710,PL,18,3,0,0,0.00259648,0.00154859,1.67668
27720,PL,7,3,0,0,0.0022734,0.00119447,1.90328
27730,PL,4,3,0,0,0.00228307,0.00112301,2.033
27740,PL,35,4,0,0,0.00259724,0.00187358,1.38625
27750,PL,14,3,0,0,0.00239335,0.00167188,1.43154
27760,PL,5,3,0,0,0.00220241,0.00115353,1.90929
27770,PL,7,3,11,3,0.00229724,0.00239715,0.958321
27780,PL,10,3,0,0,0.00227534,0.00114708,1.9836
27790,PL,0,3,0,0,0.00218991,0.000885974,2.47176
27800,PL,8,3,20,3,0.00225292,0.00280982,0.801801
27810,PL,29,3,6,3,0.00258948,0.00349664,0.740564
27820,PL,16,4,11,3,0.00223213,0.00273515,0.81609
27830,PL,35,4,26,3,0.0025463,0.00384333,0.662526
27840,PL,6,3,1,3,0.0023587,0.00222003,1.06246
27850,PL,14,3,22,3,0.00260315,0.00332944,0.78186
27860,PL,15,3,35,3,0.00249783,0.00366326,0.681861
27870,PL,0,3,0,0,0.00219015,0.000905804,2.41791
27880,PL,9,3,0,0,0.00221085,0.000987365,2.23914
27890,PL,18,3,27,3,0.00246885,0.00346683,0.712136
27900,PL,20,3,0,0,0.00268259,0.00162971,1.64606
27910,PL,7,3,34,5,0.00229011,0.00351095,0.652277
27920,PL,28,3,0,0,0.00265271,0.00150435,1.76337
27930,PL,12,3,0,0,0.00266463,0.00126869,2.10031
27940,PL,9,3,0,0,0.00226196,0.00137885,1.64047
27950,PL,20,3,21,4,0.00247833,0.00382023,0.648739
27960,PL,15,3,8,3,0.0022235,0.0023364,0.951677
27970,PL,13,3,7,3,0.00226861,0.0023147,0.980088
27980,PL,11,3,9,3,0.00228447,0.0026976,0.846852
27990,PL,0,3,5,3,0.00217845,0.00189386,1.15027
28000,PL,9,3,0,0,0.00224082,0.00106513,2.10381
28010,PL,3,3,0,0,0.002227,0.00108848,2.04596
28020,PL,5,3,7,3,0.00220048,0.00232531,0.946316
28030,PL,16,3,4,3,0.00228821,0.00248213,0.921873
28040,PL,0,3,0,0,0.00214678,0.000877454,2.4466
28050,PL,4,3,0,0,0.00213809,0.00122078,1.75142
28060,PL,2,3,0,0,0.00253421,0.000893244,2.83709
28070,PL,4,3,0,0,0.00219525,0.00102731,2.13688
28080,PL,21,3,0,0,0.00248402,0.00163142,1.52262
28090,PL,37,3,0,0,0.00251285,0.00192043,1.30848
28100,PL,51,5,0,0,0.00243511,0.00274415,0.887382
28110,PL,9,3,0,0,0.0022243,0.00125972,1.76571
28120,PL,10,3,17,4,0.00222981,0.00354108,0.629699
28130,PL,5,3,0,0,0.00225001,0.000970705,2.31791
28140,PL,11,3,0,0,0.00231721,0.00132346,1.75088
28150,PL,4,3,0,0,0.00236173,0.00100094,2.35953
28160,PL,20,3,0,0,0.00219513,0.00136682,1.60602
28170,PL,5,3,0,0,0.00217242,0.00107171,2.02705
28180,PL,5,3,0,0,0.0021955,0.00104165,2.10772
28190,PL,26,4,0,0,0.0024406,0.00184743,1.32108
28200,PL,9,3,19,3,0.00224566,0.0028879,0.777609
28210,PL,1,3,19,4,0.00224519,0.00315587,0.711432
28220,PL,28,3,9,3,0.00224377,0.00246588,0.909926
28230,PL,0,3,0,0,0.00217069,0.000890894,2.43653
28240,PL,19,3,22,3,0.00221369,0.00281858,0.785391
28250,PL,0,3,0,0,0.00216362,0.000917794,2.35741
28260,PL,25,3,14,3,0.00265917,0.00301234,0.882761
28270,PL,13,3,0,0,0.00226428,0.0015458,1.4648
28280,PL,9,3,22,3,0.00222226,0.00276873,0.802627
28290,PL,0,3,0,0,0.00218021,0.000971065,2.24518
28300,PL,14,3,0,0,0.0022811,0.00131215,1.73845
28310,PL,11,3,24,3,0.00221413,0.00291039,0.760767
28320,PL,0,3,27,5,0.00214963,0.00315808,0.680677
28330,PL,6,3,0,0,0.00218699,0.00107452,2.03533
28340,PL,5,3,0,0,0.00278691,0.000968355,2.87799
28350,PL,0,3,12,4,0.00262852,0.00311948,0.842614
28360,PL,9,3,0,0,0.00223577,0.00114967,1.94471
28370,PL,11,3,0,0,0.00260981,0.00134734,1.93702
28380,PL,14,3,0,0,0.00228269,0.00136318,1.67454
28390,PL,11,4,0,0,0.00220194,0.00137666,1.59948
28400,PL,3,3,16,4,0.00225834,0.00276083,0.817993
28410,PL,6,3,0,0,0.00220396,0.00106737,2.06484
28420,PL,18,3,10,3,0.00226859,0.00240091,0.944888
28430,PL,17,3,0,0,0.00223832,0.00128059,1.74789
28440,PL,0,3,0,0,0.00215593,0.000888874,2.42546
28450,PL,1,3,0,0,0.00218646,0.000940934,2.32371
28460,PL,39,4,54,4,0.00278286,0.00626118,0.444463
28470,PL,3,3,10,4,0.00221572,0.00270248,0.819883
28480,PL,2,3,13,3,0.00216261,0.00219863,0.983617
28490,PL,0,3,0,0,0.00217069,0.000878064,2.47213
28500,PL,20,3,19,3,0.00256527,0.00288992,0.887661
28510,PL,15,3,0,0,0.00274199,0.0013324,2.05794
28520,PL,22,3,43,3,0.00270765,0.0034263,0.790256
28530,PL,12,3,4,3,0.00226178,0.0024274,0.93177
28540,PL,13,3,0,0,0.00233759,0.00125118,1.86832
28550,PL,8,3,6,3,0.00224142,0.00221634,1.01132
28560,PL,12,3,16,3,0.00217647,0.00234511,0.928088
28570,PL,11,3,0,0,0.00231476,0.00116902,1.98009
28580,PL,3,3,10,3,0.00219277,0.00209599,1.04617
28590,PL,18,3,30,3,0.00226341,0.00314971,0.71861
28600,PL,0,3,0,0,0.00216309,0.000890114,2.43013
28610,PL,14,3,0,0,0.00272887,0.00121753,2.24133
28620,PL,8,3,22,3,0.00219568,0.00241277,0.910024
28630,PL,16,3,0,0,0.00237494,0.00134335,1.76793
28640,PL,11,3,10,3,0.00227261,0.00258919,0.877729
28650,PL,26,3,38,3,0.00246402,0.00329407,0.748019
28660,PL,19,3,0,0,0.00226777,0.00170996,1.32621
28670,PL,20,3,26,3,0.00243866,0.0034968,0.697399
28680,PL,34,4,6,3,0.00260237,0.00376713,0.690811
28690,PL,1,3,0,0,0.00263652,0.000920264,2.86496
28700,PL,47,5,0,0,0.00259382,0.00256697,1.01046
28710,PL,7,3,8,3,0.00217088,0.00230318,0.942557
28720,PL,18,3,0,0,0.0022599,0.00126956,1.78007
28730,PL,6,3,0,0,0.00224578,0.00102764,2.18539
28740,PL,0,3,15,4,0.00215571,0.0025517,0.844813
28750,PL,7,3,5,3,0.0025316,0.00206312,1.22707
28760,PL,5,3,0,0,0.0021801,0.000978944,2.22699
28770,PL,15,3,0,0,0.00243823,0.00163372,1.49244
28780,PL,30,6,6,3,0.00242429,0.00389262,0.622792
28790,PL,20,3,5,3,0.00249745,0.00265793,0.939622
28800,PL,17,3,11,3,0.00226007,0.0032777,0.689531
28810,PL,0,3,0,0,0.00256919,0.000877054,2.92934
28820,PL,0,3,21,3,0.00216442,0.00290331,0.7455
28830,PL,18,3,0,0,0.00223993,0.0013752,1.62881
28840,PL,11,3,0,0,0.00232935,0.00142262,1.63737
28850,PL,8,3,14,4,0.00229618,0.0034307,0.669305
28860,PL,8,3,0,0,0.00233129,0.0010965,2.12613
28870,PL,8,3,23,4,0.00231655,0.00288317,0.803473
28880,PL,4,3,0,0,0.00266182,0.000925335,2.8766
28890,PL,12,4,22,3,0.00225735,0.00295326,0.764358
28900,PL,5,3,0,0,0.00227496,0.0010352,2.19762
28910,PL,15,3,11,3,0.00218953,0.00245105,0.893303
28920,PL,10,3,0,0,0.0023305,0.0013143,1.77319
28930,PL,5,3,0,0,0.0026065,0.00109606,2.37808
28940,PL,18,3,0,0,0.00236587,0.00164246,1.44045
28950,PL,5,3,0,0,0.0021545,0.00113923,1.8912
28960,PL,12,3,0,0,0.00223418,0.00125259,1.78365
28970,PL,13,3,28,3,0.00230681,0.00322094,0.716193
28980,PL,10,3,0,0,0.00225304,0.00133706,1.68508
28990,PL,0,3,0,0,0.00214582,0.000867844,2.47259
29000,PL,8,3,0,0,0.00224172,0.00130217,1.72153
29010,PL,0,3,34,4,0.00223157,0.0031715,0.703633
29020,PL,9,3,30,3,0.00236113,0.00303015,0.779212
29030,PL,9,3,31,4,0.00226628,0.00342949,0.660823
29040,PL,17,3,17,4,0.00278016,0.0031691,0.877274
29050,PL,15,3,0,0,0.00239575,0.00143208,1.67292
29060,PL,17,3,6,3,0.00227516,0.00231464,0.982943
29070,PL,3,3,12,3,0.00222145,0.00256735,0.865269
29080,PL,5,3,0,0,0.00217976,0.00113226,1.92513
29090,PL,2,3,0,0,0.00222919,0.000934454,2.38555
29100,PL,2,3,0,0,0.00221099,0.00109154,2.02558
29110,PL,5,3,0,0,0.00223385,0.000933315,2.39346
29120,PL,4,3,17,3,0.00218629,0.00307161,0.711774
29130,PL,13,3,10,3,0.0022583,0.00213475,1.05788
29140,PL,51,5,0,0,0.00279164,0.00287527,0.970914
29150,PL,8,3,12,4,0.00224421,0.00288671,0.777427
29160,PL,0,3,0,0,0.00210757,0.000863284,2.44134
29170,PL,0,3,0,0,0.00220002,0.000883235,2.49087
29180,PL,15,3,0,0,0.00222023,0.0011876,1.86952
29190,PL,5,3,17,3,0.00218424,0.00253877,0.860353
29200,PL,10,3,18,3,0.00219181,0.00257621,0.850788
29210,PL,15,3,0,0,0.00223642,0.00142642,1.56786
29220,PL,9,3,0,0,0.0022269,0.00129369,1.72136
29230,PL,24,3,20,3,0.00251882,0.00309033,0.815067
29240,PL,5,3,11,3,0.00220194,0.00224035,0.982855
29250,PL,24,3,0,0,0.00249946,0.00165785,1.50766
29260,PL,8,4,3,3,0.00236335,0.00259844,0.909526
29270,PL,30,3,0,0,0.00248573,0.0015198,1.63557
29280,PL,12,3,0,0,0.00253368,0.00146117,1.73401
29290,PL,19,3,0,0,0.00253403,0.00169363,1.49622
29300,PL,0,3,0,0,0.00214789,0.000892445,2.40675
29310,PL,13,3,0,0,0.00218537,0.00131723,1.65907
29320,PL,11,3,0,0,0.00223532,0.00135888,1.64498
29330,PL,15,3,7,3,0.00216465,0.00214701,1.00822
29340,PL,4,3,10,3,0.00236169,0.00197358,1.19665
29350,PL,6,3,0,0,0.00226557,0.000987805,2.29354
29360,PL,8,3,11,3,0.00216542,0.0023854,0.90778
29370,PL,3,3,0,0,0.00217677,0.000937555,2.32175
29380,PL,28,3,24,3,0.00251899,0.00374444,0.672729
29390,PL,0,3,8,3,0.00213824,0.00203305,1.05174
29400,PL,16,3,0,0,0.00236665,0.00131825,1.7953
29410,PL,0,3,0,0,0.00214673,0.000891325,2.40847
29420,PL,5,3,0,0,0.00221325,0.00115809,1.91113
29430,PL,18,3,36,4,0.00252047,0.00362664,0.694989
29440,PL,6,3,0,0,0.00224948,0.00122522,1.83599
29450,PL,4,3,0,0,0.00226495,0.000977325,2.3175
29460,PL,13,3,8,3,0.00223307,0.00255912,0.872593
29470,PL,3,3,13,3,0.00225665,0.00216212,1.04372
29480,PL,7,3,0,0,0.00220571,0.000942365,2.34061
29490,PL,1,3,0,0,0.00223765,0.000944904,2.36813
29500,PL,4,3,0,0,0.00227225,0.000931455,2.43946
29510,PL,9,3,0,0,0.00220527,0.0012957,1.702
29520,PL,29,3,0,0,0.00247149,0.00156823,1.57598
29530,PL,17,3,0,0,0.00229481,0.00149501,1.53498
29540,PL,15,3,0,0,0.00226474,0.00131836,1.71785
29550,PL,11,3,0,0,0.00225197,0.0013254,1.69909
29560,PL,21,3,0,0,0.00259354,0.00166749,1.55536
29570,PL,12,3,0,0,0.00277959,0.00141412,1.9656
29580,PL,9,3,0,0,0.00221432,0.00123093,1.79891
29590,PL,9,3,0,0,0.00220964,0.00102874,2.1479
29600,PL,23,3,18,3,0.00226523,0.00263459,0.859803
29610,PL,7,3,26,4,0.00217924,0.00303968,0.71693
29620,PL,0,3,16,3,0.00215335,0.00220616,0.976063
29630,PL,20,3,0,0,0.00266494,0.00144754,1.84102
29640,PL,9,3,15,3,0.00231571,0.00269707,0.858602
29650,PL,6,3,12,6,0.00234643,0.00347369,0.675487
29660,PL,37,5,0,0,0.00266279,0.00242304,1.09895
29670,PL,0,3,11,3,0.0021323,0.00216419,0.985265
29680,PL,0,3,0,0,0.00212478,0.000914865,2.32251
29690,PL,4,3,0,0,0.00215107,0.00106276,2.02405
29700,PL,12,3,0,0,0.00234075,0.00122648,1.90852
29710,PL,5,3,0,0,0.00223081,0.0010702,2.08449
29720,PL,12,3,19,3,0.00225765,0.00256507,0.880151
29730,PL,17,3,0,0,0.00251239,0.00149715,1.67812
29740,PL,3,3,18,3,0.00221323,0.00289296,0.765042
29750,PL,8,3,0,0,0.00222905,0.00107357,2.07631
29760,PL,17,3,5,3,0.00228435,0.00248994,0.917431
29770,PL,0,3,27,4,0.00215878,0.0027074,0.797362
29780,PL,10,3,0,0,0.00228456,0.00110331,2.07063
29790,PL,13,3,0,0,0.00227806,0.00117826,1.93342
29800,PL,7,3,0,0,0.00219403,0.00117004,1.87518
29810,PL,10,3,20,3,0.00218877,0.00281167,0.778458
29820,PL,18,3,0,0,0.00252245,0.0013315,1.89445
29830,PL,5,3,0,0,0.00216964,0.000935565,2.31907
29840,PL,15,3,26,4,0.00246025,0.0031053,0.792274
29850,PL,4,3,20,3,0.00216095,0.00297344,0.72675
29860,PL,14,3,0,0,0.00216698,0.00124172,1.74515
29870,PL,18,3,0,0,0.00253864,0.00173854,1.46022
29880,PL,24,3,0,0,0.00224676,0.00127588,1.76096
29890,PL,8,3,21,3,0.00225359,0.0023962,0.940485
29900,PL,0,3,32,4,0.00219317,0.00279308,0.785215
29910,PL,13,3,0,0,0.00226527,0.00125224,1.80898
29920,PL,0,3,12,3,0.00212082,0.00240348,0.882396
29930,PL,6,3,0,0,0.00224956,0.00104788,2.14676
29940,PL,16,3,0,0,0.00271721,0.00148455,1.83033
29950,PL,0,3,0,0,0.00217561,0.000900945,2.41481
29960,PL,4,3,0,0,0.00219188,0.00121219,1.80821
29970,PL,19,3,0,0,0.00266119,0.00142093,1.87286
29980,PL,13,3,0,0,0.00217902,0.00136636,1.59477
29990,PL,11,3,23,4,0.0022696,0.00282789,0.802576
30000,PL,0,3,0,0,0.00250162,0.000883774,2.83061
30010,PL,20,3,14,3,0.00228684,0.00303378,0.753791
30020,PL,19,3,0,0,0.00258061,0.00148419,1.73874
30030,PL,7,3,36,4,0.00221403,0.00326577,0.677951
30040,PL,6,3,27,4,0.00224479,0.00359951,0.623639
30050,PL,6,3,0,0,0.0023791,0.00137156,1.7346
30060,PL,0,3,18,4,0.00212497,0.00239735,0.886382
30070,PL,1,3,0,0,0.00219262,0.000900464,2.43499
30080,PL,17,3,0,0,0.00255438,0.00150823,1.69363
30090,PL,19,3,0,0,0.00261088,0.00162649,1.60523
30100,PL,4,3,10,3,0.00221079,0.00232603,0.950456
30110,PL,9,4,14,4,0.00223681,0.00316468,0.706806
30120,PL,0,3,0,0,0.00216608,0.000879565,2.46267
30130,PL,0,3,0,0,0.00216345,0.000897494,2.41055
30140,PL,11,3,0,0,0.00235882,0.00144583,1.63147
30150,PL,6,3,3,3,0.00217449,0.00248756,0.874145
30160,PL,16,3,31,3,0.00227825,0.00321014,0.709706
30170,PL,6,3,0,0,0.00259261,0.00118287,2.19181
30180,PL,16,3,0,0,0.00227433,0.00144073,1.5786
30190,PL,36,4,0,0,0.00239217,0.00205423,1.16451
30200,PL,0,3,0,0,0.00227639,0.000955535,2.38232
30210,PL,5,3,0,0,0.00225426,0.00103809,2.17156
30220,PL,8,3,19,4,0.00224666,0.00318846,0.704622
30230,PL,24,3,0,0,0.00251314,0.00174956,1.43644
30240,PL,1,3,22,4,0.00226338,0.00265456,0.852638
30250,PL,10,3,0,0,0.0023755,0.00126837,1.87288
30260,PL,0,3,0,0,0.00262405,0.000887754,2.95583
30270,PL,28,3,1,3,0.00265382,0.00296092,0.896282
30280,PL,15,3,16,3,0.00223449,0.00344647,0.648342
30290,PL,32,4,22,3,0.00252243,0.00367939,0.685557
30300,PL,13,3,9,4,0.00227531,0.00331887,0.685569
30310,PL,0,3,10,3,0.00223771,0.00207518,1.07832
30320,PL,11,3,0,0,0.00227393,0.00102611,2.21608
30330,PL,6,3,0,0,0.00220658,0.000979855,2.25195
30340,PL,0,3,0,0,0.00264426,0.000887304,2.98011
30350,PL,6,3,15,3,0.00218389,0.00281169,0.776717
30360,PL,21,3,17,3,0.00258728,0.00324114,0.798264
30370,PL,2,3,0,0,0.00220794,0.00103344,2.13651
30380,PL,4,3,31,4,0.00225041,0.00281214,0.800248
30390,PL,0,3,0,0,0.00217778,0.000896995,2.42786
30400,PL,0,3,0,0,0.00268137,0.000898074,2.98569
30410,PL,5,3,0,0,0.00222402,0.000952985,2.33374
30420,PL,0,3,17,3,0.00216839,0.00221112,0.980675
30430,PL,0,3,0,0,0.00217266,0.000905954,2.3982
30440,PL,8,3,13,3,0.00220918,0.0030796,0.717361
30450,PL,5,3,13,3,0.00225792,0.0026826,0.84169
30460,PL,4,3,0,0,0.00228904,0.00117453,1.94891
30470,PL,31,4,0,0,0.00254701,0.00185642,1.372
30480,PL,40,4,17,3,0.00241738,0.00382348,0.632247
30490,PL,39,3,0,0,0.00238804,0.00157187,1.51924
30500,PL,24,3,0,0,0.00227757,0.00154098,1.478
30510,PL,5,3,19,3,0.00227106,0.00272598,0.833116
30520,PL,14,3,0,0,0.00223523,0.00156221,1.43082
30530,PL,6,3,13,4,0.00227799,0.00253328,0.899225
30540,PL,8,3,0,0,0.00224954,0.000996115,2.25831
30550,PL,6,3,15,3,0.00236589,0.00287153,0.823912
30560,PL,23,3,11,3,0.00250458,0.00307482,0.814545
30570,PL,9,3,23,3,0.00222557,0.00243734,0.913114
30580,PL,7,3,0,0,0.00223286,0.00108225,2.06317
30590,PL,5,3,12,3,0.00218151,0.00217218,1.0043
30600,PL,6,3,3,3,0.00224469,0.00248367,0.903779
30610,PL,14,3,0,0,0.00274979,0.00135652,2.0271
30620,PL,4,3,0,0,0.00220432,0.000921035,2.39331
30630,PL,79,5,0,0,0.00255237,0.00279582,0.912923
30640,PL,4,3,0,0,0.0021925,0.00101231,2.16583
30650,PL,15,3,0,0,0.00235511,0.00167891,1.40276
30660,PL,10,3,23,3,0.00225847,0.00297847,0.758267
30670,PL,9,3,6,3,0.00229459,0.00217754,1.05375
30680,PL,0,3,0,0,0.0021913,0.000883295,2.48082
30690,PL,26,3,0,0,0.00221443,0.00160152,1.38271
30700,PL,13,3,0,0,0.0023138,0.00121829,1.89923
30710,PL,18,3,0,0,0.00229958,0.00140498,1.63674
30720,PL,22,3,0,0,0.00223903,0.00179361,1.24834
30730,PL,5,3,0,0,0.00227678,0.0011026,2.06493
30740,PL,0,3,0,0,0.00228785,0.000939784,2.43444
30750,PL,15,4,0,0,0.00227828,0.00148713,1.532
30760,PL,0,3,0,0,0.00218293,0.000889114,2.45518
30770,PL,5,3,0,0,0.00223706,0.000999485,2.23821
30780,PL,0,3,0,0,0.00218034,0.000912455,2.38953
30790,PL,6,3,45,4,0.00232778,0.00334101,0.696731
30800,PL,17,4,0,0,0.00238942,0.00171233,1.39542
30810,PL,9,3,0,0,0.00218657,0.00109099,2.0042
30820,PL,13,3,4,3,0.00232555,0.00241868,0.961495
30830,PL,5,3,18,3,0.00216704,0.00278105,0.779216
30840,PL,20,3,0,0,0.00236137,0.00145169,1.62664
30850,PL,31,4,9,3,0.00252515,0.00249134,1.01357
30860,PL,0,3,0,0,0.0021815,0.000886925,2.45962
30870,PL,19,3,0,0,0.00231456,0.00137422,1.68428
30880,PL,0,3,10,3,0.00214696,0.00200449,1.07107
30890,PL,14,3,8,3,0.00226676,0.00249383,0.908947
30900,PL,10,3,0,0,0.00220625,0.00114525,1.92644
30910,PL,11,3,0,0,0.00227111,0.00109826,2.06791
30920,PL,0,3,0,0,0.00214603,0.000887095,2.41917
30930,PL,5,3,15,3,0.00215795,0.00300991,0.716948
30940,PL,0,3,0,0,0.00220283,0.000874514,2.51892
30950,PL,30,5,0,0,0.00235718,0.00240233,0.981206
30960,PL,9,3,0,0,0.00230979,0.00128752,1.79399
30970,PL,22,3,26,3,0.00246284,0.00313817,0.784801
30980,PL,23,5,11,3,0.00233141,0.00393604,0.592324
30990,PL,15,3,0,0,0.00225956,0.00123207,1.83396
31000,PL,7,3,0,0,0.00216123,0.00113947,1.89671
31010,PL,3,3,16,3,0.00227872,0.0022479,1.01371
31020,PL,5,3,0,0,0.00232344,0.000984875,2.35912
31030,PL,0,3,0,0,0.00257656,0.000887684,2.90257
31040,PL,3,3,25,3,0.00218759,0.00290459,0.753149
31050,PL,0,3,0,0,0.00220705,0.00120999,1.82403
31060,PL,3,3,2,3,0.00211868,0.00190113,1.11443
31070,PL,23,3,0,0,0.00266604,0.00176611,1.50956
31080,PL,11,3,0,0,0.00233681,0.00138817,1.68338
31090,PL,18,3,0,0,0.00250129,0.00148185,1.68795
31100,PL,34,3,26,4,0.00245732,0.00385847,0.636865
31110,PL,15,3,25,3,0.00221458,0.0035141,0.630199
31120,PL,28,4,0,0,0.00261058,0.00192939,1.35306
31130,PL,0,3,0,0,0.00212753,0.000857554,2.48093
31140,PL,23,5,11,3,0.00220379,0.00269543,0.817602
31150,PL,15,3,11,3,0.00238267,0.00298052,0.799416
31160,PL,15,3,0,0,0.00230889,0.00145586,1.58593
31170,PL,8,3,0,0,0.00216583,0.00127947,1.69276
31180,PL,10,3,8,3,0.00222905,0.00220939,1.0089
31190,PL,13,3,0,0,0.00224499,0.00134725,1.66635
31200,PL,27,3,23,3,0.00235364,0.0032605,0.721866
31210,PL,16,3,13,4,0.00227538,0.00277264,0.820654
31220,PL,11,4,0,0,0.0022085,0.00142147,1.55368
31230,PL,0,3,0,0,0.00216802,0.000881135,2.46049
31240,PL,13,3,13,3,0.00260966,0.00276234,0.944728
31250,PL,15,4,5,3,0.00223441,0.00284981,0.784055
31260,PL,13,3,12,3,0.00225111,0.00256169,0.878759
31270,PL,0,3,0,0,0.0021841,0.000899955,2.4269
31280,PL,14,3,0,0,0.00227852,0.00146984,1.55019
31290,PL,28,4,7,3,0.00403182,0.00317074,1.27157
31300,PL,0,3,0,0,0.00216054,0.000905894,2.38498
31310,PL,23,5,0,0,0.0023646,0.00193781,1.22024
31320,PL,1,3,0,0,0.00221024,0.000912675,2.42172
31330,PL,18,3,37,4,0.00233575,0.00424398,0.550368
31340,PL,3,3,21,4,0.00228568,0.00304352,0.751
31350,PL,30,3,0,0,0.00264766,0.00194627,1.36038
31360,PL,8,3,0,0,0.00223274,0.00130254,1.71415
31370,PL,37,3,0,0,0.00238953,0.00182077,1.31237
31380,PL,5,3,0,0,0.00222344,0.000994835,2.23498
31390,PL,12,3,14,3,0.00224908,0.00276826,0.812452
31400,PL,6,3,50,4,0.00230214,0.00313641,0.734006
31410,PL,0,3,0,0,0.00214791,0.000871594,2.46435
31420,PL,32,5,0,0,0.00225943,0.00191668,1.17883
31430,PL,12,3,0,0,0.0022544,0.00118699,1.89927
31440,PL,35,4,0,0,0.00264089,0.00199803,1.32175
31450,PL,16,4,6,3,0.00222593,0.00250247,0.889493
31460,PL,18,3,5,3,0.00255398,0.00279884,0.912514
31470,PL,0,3,0,0,0.00217232,0.000898304,2.41825
31480,PL,0,3,26,3,0.00219882,0.00249124,0.88262
31490,PL,0,3,0,0,0.00232799,0.000966755,2.40805
31500,PL,36,5,9,3,0.00266398,0.0034577,0.77045
31510,PL,66,3,67,5,0.00262526,0.00401369,0.654077
31520,PL,10,3,0,0,0.0021958,0.00105116,2.08894
31530,PL,16,3,23,4,0.00231589,0.00360949,0.641612
31540,PL,7,3,0,0,0.00219922,0.00115505,1.90401
31550,PL,16,3,0,0,0.00228954,0.00172442,1.32772
31560,PL,6,3,10,3,0.00216655,0.00211517,1.02429
31570,PL,33,3,2,3,0.00257648,0.00267129,0.964507
31580,PL,6,3,0,0,0.00219308,0.00113086,1.9393
31590,PL,1,3,0,0,0.00223223,0.000907045,2.46099
31600,PL,8,3,11,3,0.00216633,0.00236046,0.917757
31610,PL,2,3,7,3,0.00222361,0.00210137,1.05817
31620,PL,0,3,0,0,0.00222611,0.000887445,2.50845
31630,PL,17,3,0,0,0.00226,0.0015412,1.46639
31640,PL,16,3,0,0,0.00225662,0.00132763,1.69974
31650,PL,12,3,0,0,0.00253596,0.00149934,1.69139
31660,PL,11,3,0,0,0.00222701,0.000992125,2.24469
31670,PL,16,3,0,0,0.00230115,0.00141099,1.63088
31680,PL,7,3,12,3,0.00222551,0.00257206,0.865263
31690,PL,32,3,26,6,0.00222146,0.00430904,0.515535
31700,PL,8,3,0,0,0.00237953,0.00112466,2.11577
31710,PL,12,3,12,3,0.00231472,0.00258625,0.89501
31720,PL,12,3,0,0,0.00220031,0.0011385,1.93265
31730,PL,14,3,0,0,0.00232492,0.00131165,1.77252
31740,PL,0,3,17,3,0.00223082,0.00237166,0.940615
31750,PL,2,3,0,0,0.00235188,0.0010301,2.28315
31760,PL,24,4,16,3,0.00370416,0.00321613,1.15175
31770,PL,24,3,15,3,0.00259047,0.00270567,0.957422
31780,PL,0,3,10,3,0.00215998,0.00207565,1.04063
31790,PL,23,3,3,3,0.00249267,0.00284616,0.875803
31800,PL,40,4,17,3,0.00252384,0.00375741,0.671698
31810,PL,0,3,0,0,0.00215574,0.000882404,2.44303
31820,PL,10,3,0,0,0.00227667,0.00122752,1.8547
31830,PL,30,3,0,0,0.0023514,0.00159784,1.47162
31840,PL,13,3,15,3,0.0023204,0.00225649,1.02832
31850,PL,0,3,0,0,0.00213113,0.000868285,2.45441
31860,PL,32,3,11,4,0.00222939,0.00321984,0.692393
31870,PL,5,3,9,3,0.00213081,0.00203915,1.04495
31880,PL,13,3,0,0,0.00228065,0.00123804,1.84215
31890,PL,17,3,18,5,0.00222646,0.00392509,0.567238
31900,PL,4,3,21,3,0.00229646,0.00285707,0.803781
31910,PL,7,3,13,3,0.00223164,0.00241892,0.922577
31920,PL,2,3,0,0,0.00226253,0.000919474,2.46068
31930,PL,4,3,25,3,0.00221093,0.00257301,0.859277
31940,PL,7,3,16,3,0.00226313,0.00216361,1.046
31950,PL,6,3,0,0,0.00235115,0.00121803,1.9303
31960,PL,19,3,0,0,0.0022178,0.00109572,2.02406
31970,PL,0,3,0,0,0.00216207,0.000899335,2.40408
31980,PL,14,3,0,0,0.00227699,0.0013761,1.65467
31990,PL,0,3,0,0,0.0021834,0.000885354,2.46613
32000,PL,0,3,0,0,0.00276183,0.000900274,3.06777
32010,PL,0,3,0,0,0.00237164,0.000933124,2.54162
32020,PL,22,3,0,0,0.00232138,0.00132811,1.74789
32030,PL,9,3,0,0,0.00224433,0.00131131,1.71152
32040,PL,13,3,11,3,0.00233458,0.00260129,0.89747
32050,PL,18,3,7,3,0.00234997,0.00279875,0.839649
32060,PL,12,3,0,0,0.0022382,0.00141677,1.57979
32070,PL,4,3,0,0,0.0022207,0.00104596,2.12313
32080,PL,15,3,14,3,0.00233721,0.00265274,0.881055
32090,PL,5,3,15,3,0.00219236,0.00236338,0.927637
32100,PL,0,3,0,0,0.00225553,0.000929375,2.42693
32110,PL,22,3,0,0,0.0025154,0.00163824,1.53543
32120,PL,6,3,0,0,0.00223152,0.00107646,2.07301
32130,PL,20,3,0,0,0.00263323,0.00167562,1.5715
32140,PL,40,3,13,3,0.00235593,0.00317046,0.743087
32150,PL,24,4,0,0,0.00257637,0.00195025,1.32105
32160,PL,10,3,0,0,0.0023653,0.00116505,2.03022
32170,PL,8,3,17,3,0.00228645,0.00330812,0.691164
32180,PL,13,3,17,3,0.00219051,0.00244644,0.895387
32190,PL,0,3,0,0,0.00217826,0.000875384,2.48835
32200,PL,7,3,4,3,0.00231845,0.00261176,0.887696
32210,PL,25,3,8,3,0.00262412,0.00295005,0.88952
32220,PL,6,3,0,0,0.0023389,0.00126096,1.85486
32230,PL,7,3,24,3,0.00225847,0.00274445,0.822922
32240,PL,9,3,28,4,0.00227192,0.00356248,0.637737
32250,PL,0,3,25,3,0.00221118,0.00274167,0.806508
32260,PL,2,3,0,0,0.00224984,0.00129759,1.73387
32270,PL,6,3,0,0,0.00226669,0.00120955,1.874
32280,PL,17,3,0,0,0.00225782,0.00123069,1.8346
32290,PL,4,3,0,0,0.00220646,0.000938575,2.35086
32300,PL,18,3,0,0,0.00238033,0.00117946,2.01816
32310,PL,8,3,0,0,0.00230427,0.00111366,2.06911
32320,PL,0,3,0,0,0.00219775,0.000898705,2.44546
32330,PL,22,3,24,4,0.00248793,0.00324971,0.765587
32340,PL,0,3,0,0,0.00217283,0.00223004,0.974345
32350,PL,9,3,0,0,0.00228906,0.00114009,2.0078
32360,PL,2,3,0,0,0.00218322,0.000947495,2.3042
32370,PL,0,3,0,0,0.00215809,0.000875794,2.46415
32380,PL,8,3,0,0,0.00235769,0.00152894,1.54205
32390,PL,2,3,0,0,0.002259,0.000996125,2.26779
32400,PL,20,4,0,0,0.00229808,0.00174188,1.31931
32410,PL,7,3,8,3,0.00221827,0.00225155,0.985219
32420,PL,7,3,19,3,0.00225487,0.00275364,0.818868
32430,PL,5,3,0,0,0.00238626,0.00110826,2.15317
32440,PL,31,3,28,3,0.00245,0.00404327,0.605946
32450,PL,12,3,9,4,0.00221214,0.0027097,0.816378
32460,PL,12,3,0,0,0.00218376,0.0013465,1.62181
32470,PL,12,3,0,0,0.00219781,0.00132316,1.66104
32480,PL,3,3,0,0,0.00216013,0.00110141,1.96125
32490,PL,31,3,41,4,0.00245291,0.00365825,0.670515
32500,PL,2,3,0,0,0.0024053,0.000967995,2.48483
32510,PL,9,3,20,3,0.00231069,0.00259838,0.889281
32520,PL,18,3,17,3,0.00232448,0.00301941,0.769847
32530,PL,23,3,0,0,0.00222308,0.00133649,1.66338
32540,PL,9,3,23,3,0.00223654,0.00265426,0.842622
32550,PL,12,3,0,0,0.00224899,0.00164475,1.36738
32560,PL,15,3,0,0,0.00243333,0.0013743,1.7706
32570,PL,7,3,15,3,0.0022214,0.00293895,0.75585
32580,PL,3,3,43,4,0.0022307,0.00311337,0.716492
32590,PL,11,3,0,0,0.00223192,0.00128369,1.73868
32600,PL,3,3,0,0,0.00227644,0.000980925,2.32071
32610,PL,35,4,0,0,0.0025239,0.00195703,1.28966
32620,PL,34,4,0,0,0.00245148,0.00212902,1.15146
32630,PL,36,3,32,4,0.00255313,0.00415952,0.613804
32640,PL,4,3,0,0,0.00217917,0.00102605,2.12384
32650,PL,9,3,0,0,0.00222216,0.00115939,1.91667
32660,PL,11,3,0,0,0.00227833,0.00118974,1.91499
32670,PL,10,3,17,3,0.00226158,0.00304389,0.742992
32680,PL,37,3,9,3,0.0025588,0.00296781,0.862187
32690,PL,11,3,0,0,0.00222643,0.00112875,1.97248
32700,PL,17,3,0,0,0.00231014,0.00152526,1.51459
32710,PL,7,3,0,0,0.00228792,0.00112438,2.03484
32720,PL,17,3,0,0,0.00225114,0.00136617,1.64778
32730,PL,4,3,0,0,0.00217465,0.00109223,1.99103
32740,PL,27,3,9,3,0.00228281,0.00246024,0.92788
32750,PL,7,3,33,3,0.00231298,0.00299346,0.772677
32760,PL,0,3,0,0,0.0022174,0.000900835,2.4615
32770,PL,32,3,27,3,0.00247982,0.00382627,0.648104
32780,PL,3,3,6,3,0.00221423,0.00216832,1.02117
32790,PL,0,3,19,3,0.00225551,0.0024089,0.936323
32800,PL,28,3,24,3,0.00270989,0.00359201,0.754423
32810,PL,5,3,22,3,0.00232195,0.00247721,0.937325
32820,PL,3,3,10,3,0.00236043,0.00214721,1.0993
32830,PL,20,3,11,3,0.00266274,0.00277626,0.95911
32840,PL,2,3,0,0,0.00227356,0.000958155,2.37285
32850,PL,33,3,0,0,0.00276801,0.00167966,1.64796
32860,PL,0,3,8,3,0.00217671,0.00224832,0.968149
32870,PL,17,3,0,0,0.00255723,0.00137279,1.8628
32880,PL,13,3,0,0,0.00223074,0.00113223,1.97023
32890,PL,2,3,0,0,0.00221209,0.000935025,2.36581
32900,PL,14,3,12,3,0.00225293,0.00270658,0.832389
32910,PL,6,3,0,0,0.00219528,0.00120401,1.82331
32920,PL,7,3,12,3,0.00219971,0.0023746,0.92635
32930,PL,25,4,0,0,0.00244335,0.00201018,1.21549
32940,PL,0,3,0,0,0.00224585,0.000881765,2.54699
32950,PL,11,3,30,4,0.00235505,0.00419325,0.561629
32960,PL,1,3,0,0,0.00222909,0.000926955,2.40475
32970,PL,9,3,0,0,0.00229924,0.00124351,1.849
32980,PL,3,3,0,0,0.00221945,0.0010233,2.16891
32990,PL,7,4,0,0,0.00224248,0.00164966,1.35936
33000,PL,16,3,0,0,0.00227252,0.00149012,1.52506
33010,PL,2,3,0,0,0.00233093,0.00100072,2.32926
33020,PL,0,3,0,0,0.00219068,0.000915165,2.39376
33030,PL,30,3,0,0,0.00267152,0.00190819,1.40003
33040,PL,28,3,0,0,0.00243347,0.00163162,1.49145
33050,PL,35,5,0,0,0.00258916,0.00229266,1.12933
33060,PL,5,3,0,0,0.00224491,0.000999375,2.24632
33070,PL,13,3,27,4,0.00229474,0.00346814,0.661664
33080,PL,11,3,0,0,0.00224032,0.00107806,2.07811
33090,PL,12,3,11,3,0.00275321,0.00253928,1.08425
33100,PL,14,3,1,3,0.00237743,0.00239436,0.992929
33110,PL,27,3,17,3,0.00242739,0.00333861,0.727067
33120,PL,24,3,0,0,0.00237969,0.00162165,1.46745
33130,PL,12,3,0,0,0.00225485,0.00147729,1.52635
33140,PL,13,3,19,4,0.00234171,0.00378315,0.618985
33150,PL,0,3,0,0,0.0023008,0.000990215,2.32354
33160,PL,8,3,0,0,0.00223372,0.00124252,1.79774
33170,PL,5,3,12,3,0.00219945,0.00240736,0.913635
33180,PL,18,3,13,3,0.0023909,0.00289424,0.826091
33190,PL,6,3,0,0,0.00220034,0.00112746,1.9516
33200,PL,7,3,0,0,0.0022303,0.00120726,1.84741
33210,PL,0,3,0,0,0.00213081,0.000888694,2.39769
33220,PL,46,3,4,3,0.0025794,0.00265336,0.972129
33230,PL,16,3,18,3,0.00223909,0.00290934,0.76962
33240,PL,10,3,0,0,0.00224459,0.00138508,1.62055
33250,PL,17,3,47,4,0.00237035,0.00380318,0.623255
33260,PL,0,3,0,0,0.00268293,0.000916195,2.92834
33270,PL,21,4,0,0,0.00246838,0.00169888,1.45295
33280,PL,2,3,12,3,0.00219223,0.00284198,0.771376
33290,PL,0,3,0,0,0.002179,0.000951815,2.28931
33300,PL,6,3,0,0,0.00226287,0.00128552,1.76028
33310,PL,28,3,25,3,0.00232525,0.00339701,0.6845
33320,PL,19,3,0,0,0.0027576,0.0014198,1.94225
33330,PL,26,3,0,0,0.00273055,0.00180865,1.50972
33340,PL,25,3,12,3,0.00267104,0.00352322,0.758126
33350,PL,24,3,0,0,0.00262175,0.0013995,1.87335
33360,PL,20,3,0,0,0.00262589,0.00163792,1.60319
33370,PL,19,3,9,3,0.00243247,0.00248991,0.976931
33380,PL,57,3,62,4,0.00264704,0.00613209,0.431671
33390,PL,7,3,24,4,0.00222752,0.00271132,0.821562
33400,PL,0,3,3,3,0.0021611,0.00185986,1.16197
33410,PL,11,3,48,4,0.0022619,0.00368631,0.613595
33420,PL,16,3,0,0,0.00221336,0.00112464,1.96807
33430,PL,15,3,0,0,0.00248913,0.00144171,1.72652
33440,PL,16,3,23,4,0.00225067,0.00375779,0.598935
33450,PL,2,3,0,0,0.00216752,0.0010659,2.03352
33460,PL,5,3,0,0,0.00218275,0.00110127,1.98204
33470,PL,30,5,17,3,0.00260467,0.00375151,0.6943
33480,PL,5,3,0,0,0.00223077,0.00107078,2.08332
33490,PL,27,4,0,0,0.00268604,0.00167838,1.60038
33500,PL,0,3,0,0,0.0021686,0.000903525,2.40016
33510,PL,18,3,9,3,0.00239423,0.00273209,0.876336
33520,PL,2,3,0,0,0.00222461,0.000993235,2.23976
33530,PL,10,3,0,0,0.00234211,0.00132373,1.76933
33540,PL,13,3,10,3,0.00248608,0.00250963,0.990616
33550,PL,4,3,0,0,0.0022678,0.00113137,2.00448
33560,PL,2,3,0,0,0.00217052,0.000907275,2.39235
33570,PL,20,3,0,0,0.00224688,0.00159886,1.4053
33580,PL,6,3,0,0,0.0023757,0.00115368,2.05925
33590,PL,0,3,16,3,0.00219127,0.00251887,0.869941
33600,PL,44,3,7,3,0.00259812,0.00284929,0.911848
33610,PL,0,3,0,0,0.0022465,0.000940525,2.38856
33620,PL,5,3,0,0,0.00218318,0.00115603,1.88852
33630,PL,15,3,0,0,0.0022292,0.00108983,2.04545
33640,PL,16,3,15,4,0.00247278,0.00288528,0.857033
33650,PL,8,3,13,3,0.00222033,0.00230166,0.964664
33660,PL,4,3,0,0,0.00224059,0.000954185,2.34817
33670,PL,6,4,0,0,0.00237753,0.00140253,1.69518
33680,PL,3,3,0,0,0.00223325,0.0010022,2.22834
33690,PL,12,3,13,4,0.00253048,0.00357175,0.708472
33700,PL,20,3,11,3,0.00229998,0.00301315,0.763316
33710,PL,13,3,0,0,0.00229172,0.00136284,1.68158
33720,PL,21,3,35,3,0.0022878,0.00335317,0.682281
33730,PL,8,3,0,0,0.0022778,0.00121376,1.87665
33740,PL,0,3,14,4,0.00230663,0.00259151,0.890071
33750,PL,42,3,21,4,0.00249798,0.00318374,0.784607
33760,PL,11,3,0,0,0.00228051,0.00116919,1.95051
33770,PL,0,3,25,6,0.00212124,0.00307218,0.690469
33780,PL,10,3,0,0,0.00220597,0.00133232,1.65574
33790,PL,0,3,16,3,0.00212163,0.00256365,0.827581
33800,PL,10,3,17,3,0.00225005,0.0026349,0.853941
33810,PL,5,3,12,3,0.00218839,0.00300281,0.72878
33820,PL,20,3,13,3,0.00223358,0.00308972,0.722906
33830,PL,3,3,0,0,0.00231284,0.00111528,2.07378
33840,PL,6,3,12,3,0.0021654,0.00217782,0.994297
33850,PL,6,3,7,3,0.0037404,0.00233937,1.59889
33860,PL,15,3,0,0,0.00225346,0.00137187,1.64262
33870,PL,2,3,0,0,0.0021834,0.000965245,2.26202
33880,PL,5,3,0,0,0.00222814,0.000978765,2.27648
33890,PL,6,3,46,4,0.00224811,0.00377866,0.59495
33900,PL,28,5,0,0,0.00235734,0.00222179,1.06101
33910,PL,28,3,0,0,0.00247299,0.00174671,1.4158
33920,PL,6,3,0,0,0.00226307,0.00126179,1.79355
33930,PL,0,3,0,0,0.0021086,0.000871975,2.41819
33940,PL,0,3,0,0,0.00213621,0.000871314,2.45171
33950,PL,14,3,10,3,0.00225794,0.00245497,0.919742
33960,PL,9,3,0,0,0.00231686,0.00106091,2.18385
33970,PL,34,3,0,0,0.00254892,0.00182132,1.39949
33980,PL,50,3,0,0,0.0024809,0.00187825,1.32086
33990,PL,28,3,11,3,0.00257256,0.00275424,0.934036
34000,PL,26,4,2,3,0.00223008,0.00229887,0.970076
34010,PL,52,4,10,3,0.00255669,0.00316366,0.808145
34020,PL,42,3,0,0,0.00241325,0.00194568,1.24031
34030,PL,17,3,0,0,0.0026196,0.00152778,1.71465
34040,PL,15,3,0,0,0.00254926,0.0011996,2.1251
34050,PL,0,3,0,0,0.0021337,0.000878805,2.42796
34060,PL,6,3,0,0,0.00227187,0.00109782,2.06945
34070,PL,2,3,0,0,0.00212749,0.000902184,2.35816
34080,PL,24,3,0,0,0.00236947,0.0014053,1.6861
34090,PL,21,3,0,0,0.00225078,0.00114456,1.96651
34100,PL,15,3,0,0,0.00252471,0.00149142,1.69283
34110,PL,18,4,0,0,0.00257045,0.00147353,1.74442
34120,PL,4,3,13,3,0.00219673,0.00278584,0.788534
34130,PL,13,3,0,0,0.00241014,0.00115595,2.085
34140,PL,14,3,15,3,0.00221316,0.00251399,0.880337
34150,PL,27,3,7,3,0.00261658,0.00333459,0.78468
34160,PL,21,3,0,0,0.0025387,0.00152145,1.66861
34170,PL,5,3,12,3,0.00236254,0.00220794,1.07002
34180,PL,5,3,0,0,0.00271631,0.000972945,2.79185
34190,PL,5,3,15,3,0.00212617,0.00244504,0.869584
34200,PL,0,3,0,0,0.00213807,0.000980295,2.18105
34210,PL,46,4,0,0,0.00241937,0.00201688,1.19956
34220,PL,9,3,0,0,0.00214512,0.00128089,1.67472
34230,PL,9,3,0,0,0.00225341,0.00103367,2.18002
34240,PL,7,3,8,3,0.00216807,0.00196193,1.10507
34250,PL,21,3,0,0,0.00232049,0.0015435,1.5034
34260,PL,12,3,0,0,0.00215791,0.00105726,2.04103
34270,PL,18,3,43,4,0.00247895,0.00370342,0.669369
34280,PL,23,3,27,3,0.00225548,0.00337126,0.669033
34290,PL,10,3,20,3,0.00219318,0.00244809,0.895873
34300,PL,21,3,31,3,0.00243188,0.0031795,0.764864
34310,PL,9,3,0,0,0.00211841,0.00103454,2.04769
34320,PL,0,3,0,0,0.00208893,0.000852574,2.45015
34330,PL,11,3,19,4,0.00227079,0.00302379,0.750977
34340,PL,2,3,0,0,0.0025268,0.000945765,2.6717
34350,PL,24,3,21,4,0.00224922,0.00329298,0.683036
34360,PL,29,3,0,0,0.00215873,0.00134128,1.60946
34370,PL,16,3,0,0,0.00257132,0.00143819,1.78789
34380,PL,4,3,0,0,0.00228226,0.000976195,2.33792
34390,PL,6,3,22,3,0.00217796,0.00248306,0.877127
34400,PL,14,3,18,3,0.00224204,0.0030829,0.727252
34410,PL,36,3,15,3,0.00225995,0.00318423,0.709734
34420,PL,20,3,0,0,0.00221349,0.00127101,1.74153
34430,PL,0,3,11,3,0.00219107,0.00197254,1.11079
34440,PL,3,3,0,0,0.00231585,0.00104657,2.21279
34450,PL,17,3,0,0,0.00252123,0.0013928,1.81019
34460,PL,5,3,0,0,0.00218456,0.00104983,2.08088
34470,PL,51,4,56,4,0.0024621,0.00485834,0.506779
34480,PL,24,3,0,0,0.00234598,0.00151776,1.54569
34490,PL,0,3,7,3,0.00228802,0.00230892,0.990948
34500,PL,23,3,0,0,0.00252965,0.00145116,1.7432
34510,PL,2,3,0,0,0.00219717,0.00119936,1.83196
34520,PL,0,3,4,3,0.00224986,0.00197905,1.13684
34530,PL,10,3,0,0,0.0022074,0.00110705,1.99396
34540,PL,10,3,13,3,0.00233739,0.00276911,0.844094
34550,PL,0,3,0,0,0.00218655,0.000879175,2.48705
34560,PL,10,3,0,0,0.00226307,0.00130019,1.74058
34570,PL,3,3,0,0,0.00222581,0.0012344,1.80316
34580,PL,7,3,26,3,0.00225883,0.00309328,0.730239
34590,PL,5,3,0,0,0.00216988,0.00104586,2.07474
34600,PL,3,3,22,4,0.00217486,0.00283001,0.768501
34610,PL,23,4,27,3,0.0022258,0.00336911,0.66065
34620,PL,15,3,0,0,0.00221397,0.00112934,1.96042
34630,PL,4,3,0,0,0.00224013,0.00121673,1.84111
34640,PL,33,3,0,0,0.00254014,0.0020007,1.26963
34650,PL,5,3,7,3,0.00220566,0.00212326,1.03881
34660,PL,7,3,0,0,0.00216387,0.00105056,2.05974
34670,PL,12,3,12,3,0.00266611,0.00266589,1.00008
34680,PL,7,3,0,0,0.00226552,0.00114259,1.9828
34690,PL,2,3,18,3,0.00221441,0.00221996,0.9975
34700,PL,2,3,0,0,0.00248248,0.000947885,2.61897
34710,PL,14,3,3,3,0.0021926,0.0024197,0.906145
34720,PL,10,3,12,5,0.00227602,0.00352496,0.645687
34730,PL,11,3,0,0,0.00213408,0.00106643,2.00115
34740,PL,6,3,0,0,0.00223186,0.00111409,2.00331
34750,PL,20,3,16,3,0.00229536,0.00278422,0.824417
34760,PL,21,3,0,0,0.00248881,0.00130131,1.91255
34770,PL,8,3,21,3,0.00225897,0.00258953,0.872347
34780,PL,5,3,20,3,0.00216733,0.00236263,0.917338
34790,PL,5,3,14,3,0.00230228,0.00223895,1.02829
34800,PL,10,3,0,0,0.00221105,0.00106529,2.07553
34810,PL,22,3,0,0,0.00250637,0.00178445,1.40456
34820,PL,5,3,0,0,0.00223753,0.00124373,1.79906
34830,PL,3,3,0,0,0.00218382,0.000906385,2.40937
34840,PL,45,4,0,0,0.00264929,0.00241039,1.09911
34850,PL,32,3,5,3,0.00248937,0.00248637,1.00121
34860,PL,7,3,0,0,0.00218531,0.00117016,1.86754
34870,PL,22,3,15,3,0.00225241,0.00274109,0.82172
34880,PL,17,3,47,3,0.00270506,0.00385776,0.701201
34890,PL,0,3,0,0,0.00214471,0.000915165,2.34352
34900,PL,6,3,0,0,0.00221809,0.00112547,1.97082
34910,PL,11,3,0,0,0.0023317,0.0012985,1.79569
34920,PL,7,3,0,0,0.00219785,0.0012406,1.77161
34930,PL,4,3,0,0,0.00222158,0.000943155,2.35548
34940,PL,19,3,0,0,0.00224826,0.00116114,1.93626
34950,PL,12,3,0,0,0.00253445,0.00143935,1.76083
34960,PL,5,3,0,0,0.00257818,0.00100794,2.55788
34970,PL,0,3,0,0,0.00255007,0.000882074,2.891
34980,PL,10,3,0,0,0.00230325,0.00128015,1.79921
34990,PL,10,3,0,0,0.00228195,0.00138729,1.6449
35000,PL,12,3,11,3,0.00230809,0.00268847,0.858514
35010,PL,27,3,0,0,0.00253733,0.0018078,1.40355
35020,PL,18,3,0,0,0.0024078,0.00132744,1.81387
35030,PL,39,4,12,3,0.00263023,0.00375768,0.699962
35040,PL,11,3,0,0,0.00221809,0.00151088,1.46808
35050,PL,6,3,5,3,0.00229578,0.00211539,1.08528
35060,PL,19,4,0,0,0.00240126,0.00203024,1.18275
35070,PL,4,3,0,0,0.00215992,0.000955245,2.26112
35080,PL,4,3,0,0,0.00218897,0.000954894,2.29237
35090,PL,15,3,5,3,0.00220945,0.00300593,0.735032
35100,PL,0,3,5,3,0.00218719,0.00199911,1.09408
35110,PL,0,3,8,3,0.00214673,0.00233243,0.920383
35120,PL,15,3,0,0,0.00223117,0.00119616,1.86528
35130,PL,3,3,8,4,0.00256003,0.0027143,0.943164
35140,PL,7,3,5,3,0.00372022,0.00208674,1.78279
35150,PL,12,3,4,3,0.00227358,0.00248553,0.914726
35160,PL,0,3,12,3,0.00215758,0.00229738,0.939148
35170,PL,9,3,0,0,0.00224388,0.00107417,2.08895
35180,PL,7,3,47,5,0.00230647,0.00377184,0.611498
35190,PL,7,3,11,3,0.0021964,0.00287995,0.762654
35200,PL,19,3,0,0,0.0022912,0.00117035,1.95771
35210,PL,12,3,25,3,0.00265477,0.00328539,0.808055
35220,PL,11,3,3,3,0.00217534,0.00228774,0.950868
35230,PL,0,3,0,0,0.00214499,0.000888685,2.41367
35240,PL,8,3,0,0,0.00222282,0.00130392,1.70473
35250,PL,7,3,0,0,0.00227509,0.000961045,2.36731
35260,PL,9,3,0,0,0.00228723,0.00120722,1.89463
35270,PL,27,4,0,0,0.00255865,0.00216347,1.18266
35280,PL,12,3,29,4,0.00223668,0.00359103,0.622853
35290,PL,16,3,16,4,0.00231143,0.00325286,0.710585
35300,PL,0,3,0,0,0.00217094,0.000896174,2.42245
35310,PL,4,3,0,0,0.0026203,0.000920225,2.84746
35320,PL,16,3,0,0,0.00261217,0.00161485,1.6176
35330,PL,15,3,0,0,0.00224541,0.00154266,1.45555
35340,PL,4,3,0,0,0.00228129,0.00120065,1.90005
35350,PL,0,3,0,0,0.00215357,0.000884064,2.43599
35360,PL,19,3,20,3,0.00232927,0.00293614,0.793312
35370,PL,7,3,15,3,0.00217868,0.00327321,0.665611
35380,PL,11,3,19,3,0.00223647,0.00265499,0.842365
35390,PL,16,3,0,0,0.00232247,0.00139248,1.66787
35400,PL,12,3,0,0,0.00222156,0.00115693,1.92023
35410,PL,7,3,0,0,0.00231152,0.00105699,2.1869
35420,PL,0,3,0,0,0.00213372,0.000910244,2.34412
35430,PL,1,3,17,3,0.00222003,0.00212338,1.04552
35440,PL,0,3,15,3,0.0021731,0.00236296,0.919651
35450,PL,8,3,0,0,0.00222932,0.00119619,1.86369
35460,PL,0,3,0,0,0.00218094,0.000879445,2.47991
35470,PL,6,3,27,3,0.00230426,0.0029746,0.774647
35480,PL,7,3,0,0,0.00225854,0.00112882,2.00081
35490,PL,5,3,11,3,0.00236763,0.00282905,0.836899
35500,PL,28,3,0,0,0.00258064,0.00142582,1.80994
35510,PL,0,3,0,0,0.00221314,0.000916025,2.41603
35520,PL,8,3,0,0,0.00219455,0.00108745,2.01808
35530,PL,4,3,0,0,0.00256236,0.000940025,2.72585
35540,PL,18,3,16,3,0.00235651,0.00302147,0.779923
35550,PL,5,3,0,0,0.00226867,0.000965605,2.34948
35560,PL,9,3,29,4,0.00229202,0.00340904,0.672337
35570,PL,6,3,0,0,0.00236751,0.00103279,2.29236
35580,PL,67,4,6,3,0.0024813,0.00369839,0.670915
35590,PL,19,3,0,0,0.002275,0.00149869,1.518
35600,PL,24,4,0,0,0.00231611,0.00135897,1.70432
35610,PL,0,3,0,0,0.00215362,0.000877605,2.45398
35620,PL,15,3,25,4,0.00237911,0.00341965,0.695719
35630,PL,5,3,0,0,0.00220062,0.000996936,2.20738
35640,PL,5,3,0,0,0.00217709,0.00104575,2.08186
35650,PL,36,4,17,5,0.00248237,0.00468413,0.529954
35660,PL,12,3,0,0,0.00223029,0.00129983,1.71584
35670,PL,14,3,0,0,0.00241587,0.00129426,1.86661
35680,PL,2,3,0,0,0.00222509,0.000908875,2.44818
35690,PL,6,3,23,3,0.00227205,0.00278885,0.81469
35700,PL,21,3,25,4,0.00225177,0.00337812,0.666576
35710,PL,36,3,0,0,0.00244399,0.00159052,1.5366
35720,PL,4,3,0,0,0.00214864,0.000892115,2.40848
35730,PL,19,3,11,5,0.00250718,0.00390482,0.642074
35740,PL,16,3,19,4,0.00241392,0.00366738,0.658215
35750,PL,3,3,0,0,0.00217421,0.00103177,2.10727
35760,PL,23,4,13,3,0.00241839,0.00328827,0.735461
35770,PL,12,3,0,0,0.00266741,0.00147107,1.81325
35780,PL,7,3,23,3,0.0022532,0.00284661,0.791538
35790,PL,10,3,15,3,0.00224753,0.00267592,0.839909
35800,PL,12,3,0,0,0.00230664,0.00130428,1.76852
35810,PL,16,3,0,0,0.00237784,0.00135228,1.7584
35820,PL,4,3,0,0,0.00217382,0.00120976,1.79691
35830,PL,15,3,0,0,0.00220307,0.00116038,1.89858
35840,PL,5,3,19,3,0.00224287,0.00221639,1.01195
35850,PL,8,3,0,0,0.0022119,0.00123587,1.78976
35860,PL,27,3,0,0,0.00234116,0.00164646,1.42194
35870,PL,4,3,14,4,0.00220754,0.00346452,0.637186
35880,PL,28,3,0,0,0.00237799,0.00200913,1.18359
35890,PL,10,3,0,0,0.00215911,0.00134503,1.60526
35900,PL,24,3,28,3,0.00255728,0.00330642,0.77343
35910,PL,3,3,4,3,0.00219965,0.00200891,1.09495
35920,PL,0,3,7,3,0.00229405,0.00223608,1.02592
35930,PL,25,3,0,0,0.00226917,0.00147166,1.54191
35940,PL,35,4,22,3,0.00241841,0.00376368,0.642566
35950,PL,9,3,0,0,0.002197,0.0011565,1.89971
35960,PL,21,3,32,4,0.00241122,0.00345209,0.698483
35970,PL,36,3,0,0,0.00231713,0.00182068,1.27267
35980,PL,0,3,0,0,0.00224816,0.000889514,2.5274
35990,PL,15,3,0,0,0.00224517,0.00133628,1.68017
36000,PL,1,3,14,4,0.00221771,0.0026277,0.843973
36010,PL,0,3,13,3,0.00231835,0.00224997,1.03039
36020,PL,6,3,0,0,0.00226262,0.0010424,2.17058
36030,PL,27,3,0,0,0.00248967,0.00157018,1.5856
36040,PL,7,3,0,0,0.00230268,0.000947194,2.43106
36050,PL,17,3,0,0,0.00262055,0.00134511,1.94821
36060,PL,0,3,0,0,0.002143,0.000883835,2.42466
36070,PL,24,4,0,0,0.00227798,0.00158578,1.43651
36080,PL,16,3,0,0,0.0023087,0.00140323,1.64528
36090,PL,22,3,0,0,0.00268614,0.00153636,1.74838
36100,PL,30,3,0,0,0.00268287,0.00195643,1.37131
36110,PL,13,3,0,0,0.00218282,0.00100555,2.17076
36120,PL,19,3,0,0,0.00230192,0.00155187,1.48332
36130,PL,0,3,0,0,0.00219033,0.000884565,2.47617
36140,PL,3,3,0,0,0.00254218,0.00105602,2.40733
36150,PL,5,3,25,3,0.00219829,0.00242966,0.904772
36160,PL,14,3,6,3,0.00236627,0.00227725,1.03909
36170,PL,25,3,0,0,0.00255366,0.00142666,1.78996
36180,PL,19,3,0,0,0.00235652,0.00163467,1.44159
36190,PL,7,3,0,0,0.00241436,0.00131003,1.84299
36200,PL,8,3,0,0,0.00220401,0.00111348,1.9794
36210,PL,0,3,0,0,0.00219075,0.000914235,2.39627
36220,PL,4,3,25,4,0.0022153,0.00283649,0.781
36230,PL,16,3,0,0,0.0025032,0.00160102,1.56351
36240,PL,24,3,0,0,0.00244639,0.00150093,1.62992
36250,PL,0,3,5,3,0.00215687,0.0020185,1.06855
36260,PL,5,3,0,0,0.00258359,0.00107475,2.40389
36270,PL,18,3,0,0,0.00261959,0.00143607,1.82414
36280,PL,33,3,0,0,0.00255933,0.00188439,1.35818
36290,PL,21,3,0,0,0.00265353,0.00119991,2.21145
36300,PL,4,3,0,0,0.00216248,0.00106228,2.03571
36310,PL,35,3,0,0,0.00241877,0.0020469,1.18168
36320,PL,17,3,0,0,0.00231863,0.00138826,1.67017
36330,PL,22,3,46,6,0.00271523,0.00420427,0.645828
36340,PL,33,3,66,5,0.00254839,0.00456264,0.558534
36350,PL,16,3,0,0,0.00223004,0.00127341,1.75124
36360,PL,33,4,0,0,0.0025943,0.0020333,1.27591
36370,PL,12,3,13,3,0.00233713,0.0027967,0.835676
36380,PL,0,3,0,0,0.00220923,0.000884485,2.49776
36390,PL,10,3,0,0,0.00249403,0.00121122,2.05911
36400,PL,23,4,44,3,0.00241676,0.00353505,0.683657
36410,PL,0,3,0,0,0.00214632,0.000891234,2.40826
36420,PL,10,3,0,0,0.00230723,0.00113729,2.0287
36430,PL,0,3,0,0,0.00216341,0.000909035,2.3799
36440,PL,36,3,8,3,0.00255393,0.0030254,0.844165
36450,PL,14,3,17,3,0.0022884,0.00311665,0.734251
36460,PL,16,3,0,0,0.00268317,0.00143483,1.87003
36470,PL,21,3,0,0,0.00230088,0.0015574,1.47739
36480,PL,3,3,0,0,0.00217949,0.000902264,2.41558
36490,PL,3,3,0,0,0.00229915,0.00109136,2.10669
36500,PL,15,3,21,4,0.00224685,0.00291511,0.770759
36510,PL,0,3,0,0,0.00212757,0.000881074,2.41475
36520,PL,8,3,0,0,0.00222414,0.00107802,2.06318
36530,PL,38,3,0,0,0.00226084,0.00140506,1.60907
36540,PL,15,3,8,3,0.00249133,0.00251765,0.989546
36550,PL,7,3,9,3,0.0026009,0.00206819,1.25757
36560,PL,15,3,0,0,0.00232187,0.00110486,2.10152
36570,PL,31,4,15,3,0.00260625,0.00327364,0.796134
36580,PL,8,3,15,3,0.00238721,0.00234475,1.01811
36590,PL,0,3,0,0,0.0021802,0.000895485,2.43466
36600,PL,19,3,0,0,0.00227548,0.00144535,1.57435
36610,PL,6,3,0,0,0.00224111,0.00108747,2.06086
36620,PL,27,3,0,0,0.00221905,0.00146265,1.51715
36630,PL,3,3,0,0,0.00221333,0.000923265,2.39729
36640,PL,1,3,11,3,0.00263597,0.00213531,1.23447
36650,PL,22,3,0,0,0.0025674,0.00154727,1.65931
36660,PL,16,3,0,0,0.0023353,0.00131054,1.78194
36670,PL,23,3,49,4,0.00232836,0.0039486,0.589668
36680,PL,16,3,0,0,0.00223304,0.00122601,1.82139
36690,PL,12,3,0,0,0.00224666,0.00120735,1.86083
36700,PL,6,3,0,0,0.00221486,0.000951505,2.32774
36710,PL,6,3,0,0,0.00221718,0.00101509,2.18421
36720,PL,31,3,0,0,0.00237032,0.00143516,1.65161
36730,PL,18,3,37,5,0.00231248,0.00434161,0.532632
36740,PL,13,3,0,0,0.00227202,0.00107598,2.11159
36750,PL,37,3,40,3,0.00253286,0.00348996,0.725757
36760,PL,18,3,16,4,0.00235918,0.00323064,0.730253
36770,PL,4,3,0,0,0.00217986,0.000914924,2.38256
36780,PL,4,3,0,0,0.00216875,0.00109408,1.98227
36790,PL,0,3,0,0,0.00218443,0.000899234,2.42921
36800,PL,23,4,0,0,0.00226784,0.00152644,1.48571
36810,PL,4,3,0,0,0.00220888,0.00102185,2.16164
36820,PL,7,3,0,0,0.00225384,0.00111524,2.02096
36830,PL,2,3,18,3,0.00271871,0.00252484,1.07678
36840,PL,17,3,0,0,0.00232915,0.00133695,1.74214
36850,PL,6,3,0,0,0.00262529,0.00120577,2.17728
36860,PL,0,3,10,3,0.00272441,0.00188971,1.44171
36870,PL,17,3,22,3,0.00257839,0.00293487,0.878539
36880,PL,33,3,0,0,0.00252697,0.00179774,1.40564
36890,PL,11,3,28,3,0.00219795,0.00261555,0.840339
36900,PL,3,3,0,0,0.00220063,0.000956735,2.30015
36910,PL,23,3,0,0,0.00246429,0.00162353,1.51786
36920,PL,4,3,13,3,0.00228254,0.00254772,0.895915
36930,PL,26,3,0,0,0.00265457,0.00175941,1.50879
36940,PL,34,4,0,0,0.00258424,0.00217841,1.1863
36950,PL,9,3,26,3,0.00224405,0.00282669,0.793878
36960,PL,14,3,13,3,0.00258679,0.00302599,0.85486
36970,PL,15,3,40,5,0.00262147,0.00449186,0.583605
36980,PL,7,3,0,0,0.00226499,0.00123565,1.83304
36990,PL,43,4,25,6,0.00265236,0.00456514,0.581003
37000,PL,22,3,0,0,0.00264454,0.0015349,1.72295
37010,PL,0,3,6,3,0.00232614,0.00183356,1.26865
37020,PL,9,3,17,4,0.00220469,0.00266799,0.826348
37030,PL,25,4,10,3,0.00231684,0.00310726,0.745623
37040,PL,12,3,0,0,0.00232454,0.00150633,1.54318
37050,PL,0,3,10,3,0.00223613,0.00198145,1.12853
37060,PL,3,3,0,0,0.0021514,0.000934245,2.30282
37070,PL,9,3,18,3,0.00221188,0.00272016,0.813143
37080,PL,9,3,0,0,0.00217193,0.00116766,1.86008
37090,PL,4,3,0,0,0.00216588,0.00108301,1.99988
37100,PL,10,3,0,0,0.00219089,0.00127037,1.72461
37110,PL,7,3,0,0,0.00219375,0.000944765,2.32201
37120,PL,9,3,0,0,0.00224078,0.00119173,1.88028
37130,PL,23,3,0,0,0.00241337,0.00156173,1.54532
37140,PL,6,3,0,0,0.00218608,0.0011079,1.97318
37150,PL,8,3,3,3,0.00217325,0.00240804,0.902498
37160,PL,8,3,0,0,0.00219238,0.00116501,1.88186
37170,PL,8,3,8,3,0.00218625,0.00193416,1.13034
37180,PL,8,3,8,3,0.00215401,0.00235084,0.916272
37190,PL,10,3,22,4,0.00233459,0.00274698,0.849878
37200,PL,4,3,0,0,0.00216476,0.00103061,2.10046
37210,PL,9,3,0,0,0.00221149,0.00113572,1.94722
37220,PL,0,3,9,3,0.00246069,0.00196704,1.25096
37230,PL,3,3,0,0,0.00218925,0.000981565,2.23037
37240,PL,22,3,0,0,0.0025912,0.00137009,1.89127
37250,PL,43,5,7,3,0.00235781,0.00376609,0.626064
37260,PL,0,3,0,0,0.00216718,0.000899255,2.40997
37270,PL,12,3,6,3,0.00220009,0.00232089,0.947951
37280,PL,3,3,9,3,0.00217522,0.00202834,1.07241
37290,PL,3,3,0,0,0.0022064,0.000921354,2.39474
37300,PL,31,3,0,0,0.00242341,0.00207053,1.17043
37310,PL,7,3,0,0,0.00216304,0.00102998,2.10009
37320,PL,31,4,14,3,0.00254387,0.00316327,0.804192
37330,PL,26,4,15,5,0.0023224,0.0038872,0.597449
37340,PL,15,3,0,0,0.0023171,0.001288,1.799
37350,PL,0,3,0,0,0.00217207,0.000888415,2.44488
37360,PL,2,3,15,3,0.00262298,0.00264203,0.992793
37370,PL,0,3,0,0,0.00250705,0.000869145,2.8845
37380,PL,7,3,0,0,0.00228308,0.00118387,1.9285
37390,PL,11,3,39,3,0.00232122,0.00335366,0.692146
37400,PL,22,3,8,3,0.00268211,0.00330826,0.810733
37410,PL,0,3,0,0,0.00214994,0.000887085,2.4236
37420,PL,0,3,0,0,0.00216728,0.000895374,2.42053
37430,PL,3,3,0,0,0.00229206,0.0010455,2.1923
37440,PL,10,4,0,0,0.00243879,0.00165111,1.47706
37450,PL,6,3,10,3,0.00216431,0.00217821,0.993619
37460,PL,18,3,63,5,0.00249676,0.00448275,0.556971
37470,PL,2,3,19,4,0.00219,0.00273581,0.800494
37480,PL,8,3,8,3,0.00260165,0.002384,1.0913
37490,PL,29,3,10,3,0.00249622,0.00274801,0.908376
37500,PL,4,3,5,3,0.00257878,0.00234866,1.09798
37510,PL,21,3,0,0,0.00224979,0.00153017,1.47029
37520,PL,3,3,0,0,0.00223841,0.000924885,2.4202
37530,PL,7,3,0,0,0.00220827,0.000992675,2.22457
37540,PL,10,3,0,0,0.00221292,0.00120825,1.83152
37550,PL,38,3,28,3,0.00248084,0.00299685,0.827815
37560,PL,8,3,0,0,0.00223286,0.00102849,2.171
37570,PL,47,3,31,6,0.00277404,0.00447361,0.62009
37580,PL,19,3,0,0,0.00249474,0.00139145,1.79291
37590,PL,20,3,0,0,0.0025898,0.00179459,1.44312
37600,PL,27,3,0,0,0.00247486,0.00143874,1.72016
37610,PL,13,3,57,4,0.00248843,0.00392614,0.633811
37620,PL,23,3,7,3,0.00259648,0.0027538,0.942871
37630,PL,18,3,18,3,0.00258727,0.00301894,0.857013
37640,PL,33,3,0,0,0.00263892,0.0016192,1.62977
37650,PL,20,3,0,0,0.00253478,0.00192035,1.31996
37660,PL,36,3,13,3,0.00240548,0.00360052,0.668093
37670,PL,17,3,0,0,0.00259793,0.00132437,1.96164
37680,PL,18,3,63,4,0.00235653,0.00385892,0.610671
37690,PL,0,3,30,4,0.0023481,0.00296446,0.792083
37700,PL,15,3,0,0,0.00267978,0.00139506,1.92091
37710,PL,5,3,7,3,0.00220867,0.00246051,0.897647
37720,PL,8,3,10,3,0.00220559,0.00214733,1.02713
37730,PL,20,3,18,3,0.00227325,0.00317879,0.715132
37740,PL,12,3,0,0,0.00258601,0.00142602,1.81345
37750,PL,30,3,0,0,0.00237546,0.0014649,1.62159
37760,PL,13,3,16,3,0.00253164,0.00305358,0.829075
37770,PL,0,3,0,0,0.00229725,0.000882105,2.60428
37780,PL,1,3,44,4,0.00228562,0.00335528,0.681202
37790,PL,10,4,5,3,0.00220949,0.00247944,0.891124
37800,PL,11,3,0,0,0.00222186,0.00132681,1.67459
37810,PL,11,3,6,3,0.00220082,0.00233702,0.94172
37820,PL,6,3,16,3,0.00222595,0.00250017,0.890319
37830,PL,6,3,27,3,0.00217479,0.0028531,0.762254
37840,PL,6,3,28,4,0.00222817,0.0028436,0.783573
37850,PL,7,3,0,0,0.00223425,0.00122207,1.82826
37860,PL,9,3,23,4,0.00230334,0.00288215,0.799176
37870,PL,11,3,0,0,0.00222278,0.00138684,1.60277
37880,PL,11,3,0,0,0.00239369,0.00129342,1.85067
37890,PL,8,3,19,3,0.00223647,0.00324048,0.690168
37900,PL,3,3,18,3,0.00224209,0.00255984,0.875871
37910,PL,38,4,0,0,0.00254082,0.00205334,1.23741
37920,PL,8,3,37,3,0.00220598,0.00273668,0.806078
37930,PL,4,3,0,0,0.00219625,0.000922765,2.38008
37940,PL,11,3,0,0,0.00223091,0.00119774,1.86261
37950,PL,30,3,14,3,0.0024737,0.00319882,0.773318
37960,PL,21,3,3,3,0.00234973,0.00244708,0.960218
37970,PL,20,3,26,4,0.0022682,0.00344012,0.659338
37980,PL,15,3,0,0,0.002231,0.0011501,1.93984
37990,PL,22,3,0,0,0.0023247,0.00167822,1.38522
38000,PL,1,3,0,0,0.00216178,0.000907595,2.38188
38010,PL,26,4,0,0,0.00264142,0.00202195,1.30637
38020,PL,16,3,40,3,0.00254741,0.00337172,0.755524
38030,PL,25,3,3,3,0.00231527,0.00238497,0.970775
38040,PL,16,3,39,3,0.00269795,0.00315485,0.855177
38050,PL,6,3,0,0,0.00235337,0.00123468,1.90606
38060,PL,21,3,0,0,0.00227511,0.00119885,1.89775
38070,PL,20,4,43,3,0.00261089,0.00426962,0.611504
38080,PL,1,3,0,0,0.00228306,0.000914865,2.49552
38090,PL,11,3,0,0,0.00220694,0.00137003,1.61087
38100,PL,26,4,0,0,0.00264442,0.00170451,1.55143
38110,PL,15,3,37,4,0.00248423,0.00351017,0.707725
38120,PL,15,3,0,0,0.00273938,0.0012034,2.27638
38130,PL,8,3,14,3,0.00225332,0.00278099,0.810257
38140,PL,18,3,21,3,0.00247715,0.00294365,0.841523
38150,PL,17,3,27,3,0.00232103,0.00281705,0.823922
38160,PL,31,3,39,3,0.0027267,0.00372298,0.732398
38170,PL,3,3,0,0,0.00250423,0.00100602,2.48926
38180,PL,0,3,0,0,0.00226021,0.000871174,2.59444
38190,PL,6,3,10,3,0.00219897,0.00227409,0.966967
38200,PL,17,3,0,0,0.00219479,0.00121888,1.80067
38210,PL,14,4,0,0,0.00242943,0.00162213,1.49768
38220,PL,20,4,46,3,0.00267296,0.00370846,0.720775
38230,PL,5,3,8,3,0.00215691,0.00252542,0.854079
38240,PL,19,3,0,0,0.00248286,0.00138166,1.79702
38250,PL,0,3,0,0,0.00210604,0.000874955,2.40703
38260,PL,2,3,23,4,0.00233929,0.00279759,0.836183
38270,PL,18,3,0,0,0.00237522,0.00168157,1.4125
38280,PL,0,3,9,3,0.00235489,0.00220129,1.06978
38290,PL,3,3,42,5,0.00226072,0.00352094,0.642079
38300,PL,20,3,5,3,0.00217055,0.00241574,0.898503
38310,PL,26,3,12,4,0.00244134,0.00293402,0.83208
38320,PL,14,3,0,0,0.00245064,0.00121562,2.01597
38330,PL,14,3,0,0,0.00215934,0.00116838,1.84816
38340,PL,10,3,0,0,0.00224408,0.00126202,1.77817
38350,PL,13,3,13,3,0.00217889,0.00256074,0.850882
38360,PL,15,3,9,3,0.00227413,0.00270771,0.839872
38370,PL,4,3,0,0,0.00212004,0.000921845,2.29978
38380,PL,6,3,33,5,0.00225637,0.00369241,0.611084
38390,PL,4,3,24,3,0.00229745,0.00278764,0.824158
38400,PL,4,3,23,3,0.00219981,0.00265723,0.827857
38410,PL,9,3,0,0,0.0022486,0.00127863,1.75861
38420,PL,0,3,0,0,0.00213092,0.000874014,2.43809
38430,PL,18,3,0,0,0.00252069,0.0012369,2.03792
38440,PL,13,3,41,4,0.00224373,0.00351105,0.639049
38450,PL,1,3,0,0,0.00212679,0.000928495,2.29058
38460,PL,21,3,17,3,0.00258648,0.00324846,0.796219
38470,PL,4,3,19,3,0.00244495,0.00241913,1.01067
38480,PL,0,3,13,3,0.00213789,0.00220386,0.970066
38490,PL,18,3,61,4,0.00226197,0.00384543,0.588223
38500,PL,15,3,23,3,0.00237817,0.00287234,0.827958
38510,PL,3,3,0,0,0.00214048,0.00109495,1.95487
38520,PL,13,3,0,0,0.00233801,0.00115449,2.02515
38530,PL,8,3,14,3,0.00224591,0.00235495,0.953697
38540,PL,0,3,0,0,0.00215734,0.000871504,2.47542
38550,PL,0,3,0,0,0.00233959,0.000893654,2.61801
38560,PL,3,3,0,0,0.00220938,0.0011297,1.95571
38570,PL,12,3,36,3,0.00229034,0.00296027,0.773695
38580,PL,3,3,30,3,0.00221596,0.00264179,0.838809
38590,PL,10,3,0,0,0.00224613,0.00115168,1.95032
38600,PL,2,3,0,0,0.00256954,0.000914025,2.81124
38610,PL,9,3,0,0,0.0022106,0.0011838,1.86738
38620,PL,9,3,22,3,0.0025994,0.00260631,0.997349
38630,PL,25,3,33,4,0.00257248,0.0038673,0.665189
38640,PL,17,3,0,0,0.00229298,0.00145735,1.57339
38650,PL,0,3,0,0,0.00228412,0.000884875,2.58129
38660,PL,5,3,0,0,0.0021624,0.00126445,1.71016
38670,PL,0,3,0,0,0.0021858,0.000872215,2.50603
38680,PL,9,3,0,0,0.00237336,0.00138281,1.71634
38690,PL,0,3,0,0,0.00223559,0.000869024,2.57253
38700,PL,10,3,17,3,0.00238611,0.00254886,0.936148
38710,PL,2,3,0,0,0.00217368,0.00102695,2.11665
38720,PL,0,3,0,0,0.00213491,0.000889345,2.40054
38730,PL,3,3,0,0,0.00214682,0.000923865,2.32374
38740,PL,5,3,47,4,0.00230816,0.00345143,0.668755
38750,PL,22,3,30,3,0.00240992,0.00301519,0.799261
38760,PL,32,3,0,0,0.00262024,0.00173593,1.50942
38770,PL,6,3,0,0,0.00258675,0.000973965,2.6559
38780,PL,9,3,0,0,0.00218675,0.00118649,1.84305
38790,PL,0,3,0,0,0.00213076,0.000893535,2.38464
38800,PL,27,4,0,0,0.0025162,0.00206433,1.2189
38810,PL,10,3,8,3,0.00216661,0.00255637,0.847533
38820,PL,15,3,3,3,0.00236446,0.00273539,0.864395
38830,PL,9,3,0,0,0.00213319,0.00117445,1.81634
38840,PL,7,3,0,0,0.00223807,0.00123861,1.80693
38850,PL,0,3,0,0,0.00217461,0.000895445,2.42853
38860,PL,17,3,0,0,0.00228857,0.00122553,1.86742
38870,PL,3,3,10,3,0.00217975,0.00217316,1.00303
38880,PL,0,3,0,0,0.00215442,0.000883515,2.43847
38890,PL,6,3,0,0,0.00226541,0.00101614,2.22942
38900,PL,4,3,21,3,0.00222801,0.00268462,0.829916
38910,PL,0,3,0,0,0.00212114,0.000879825,2.41087
38920,PL,10,3,21,3,0.00218973,0.00258521,0.847022
38930,PL,0,3,0,0,0.00229777,0.000915235,2.51058
38940,PL,13,3,0,0,0.00229279,0.00105839,2.16631
38950,PL,20,3,9,3,0.00226559,0.00271463,0.834585
38960,PL,0,3,0,0,0.00214822,0.000881875,2.43597
38970,PL,19,3,3,3,0.00224128,0.00244096,0.918196
38980,PL,17,3,0,0,0.00225044,0.00151108,1.4893
38990,PL,5,3,0,0,0.00224434,0.00111527,2.01238
39000,PL,41,5,0,0,0.00247456,0.00237965,1.03988
39010,PL,13,3,0,0,0.00222372,0.00148054,1.50197
39020,PL,22,3,26,4,0.00217169,0.00367409,0.591083
39030,PL,0,3,0,0,0.002129,0.000884995,2.40566
39040,PL,15,3,0,0,0.00222263,0.00157082,1.41495
39050,PL,21,3,0,0,0.00258461,0.00181827,1.42147
39060,PL,1,3,12,3,0.00218086,0.00208885,1.04405
39070,PL,4,3,0,0,0.00218,0.00101599,2.1457
39080,PL,27,3,17,3,0.00244912,0.00297664,0.822782
39090,PL,11,3,24,3,0.00228645,0.00276756,0.82616
39100,PL,7,3,0,0,0.00373728,0.00129589,2.88395
39110,PL,13,3,11,3,0.00246556,0.0023192,1.06311
39120,PL,4,3,0,0,0.00256558,0.00115616,2.21906
39130,PL,14,3,0,0,0.00221093,0.00127595,1.73278
39140,PL,6,3,0,0,0.00213642,0.000942035,2.26788
39150,PL,0,3,0,0,0.00212029,0.000893805,2.37221
39160,PL,13,3,0,0,0.00223069,0.00137891,1.61772
39170,PL,5,3,6,3,0.00246504,0.00244089,1.00989
39180,PL,32,3,0,0,0.0025234,0.00203173,1.242
39190,PL,32,5,0,0,0.00248773,0.00190426,1.3064
39200,PL,3,3,0,0,0.00219491,0.000928914,2.36288
39210,PL,11,3,0,0,0.00218358,0.00145948,1.49614
39220,PL,4,3,0,0,0.00223397,0.00109926,2.03226
39230,PL,7,3,48,5,0.00229831,0.00431878,0.532167
39240,PL,17,3,0,0,0.00236589,0.00137718,1.71793
39250,PL,2,3,0,0,0.00213029,0.000925515,2.30174
39260,PL,20,3,24,3,0.0021974,0.00293345,0.749083
39270,PL,11,3,2,3,0.00231748,0.00225175,1.02919
39280,PL,13,3,0,0,0.00235621,0.00129924,1.81354
39290,PL,13,3,30,3,0.00220741,0.00287923,0.766666
39300,PL,9,3,0,0,0.0022762,0.00129393,1.75914
39310,PL,22,3,0,0,0.00226388,0.00146725,1.54294
39320,PL,7,3,0,0,0.00217639,0.00101327,2.1479
39330,PL,10,3,5,3,0.00220871,0.002128,1.03793
39340,PL,14,3,0,0,0.00252499,0.00131104,1.92595
39350,PL,8,3,0,0,0.00227574,0.00140135,1.62397
39360,PL,8,3,4,3,0.00215176,0.00239994,0.896588
39370,PL,0,3,0,0,0.0021512,0.000879644,2.44554
39380,PL,36,3,35,3,0.00278104,0.00387628,0.717452
39390,PL,14,3,37,3,0.00229608,0.00304761,0.753405
39400,PL,3,3,0,0,0.00220375,0.00113173,1.94725
39410,PL,15,3,0,0,0.00226399,0.00121109,1.86939
39420,PL,7,3,0,0,0.00219277,0.00113429,1.93317
39430,PL,1,3,0,0,0.00210653,0.000925615,2.27582
39440,PL,14,3,0,0,0.00225593,0.00147017,1.53447
39450,PL,1,3,12,3,0.00261527,0.00215836,1.21169
39460,PL,18,3,0,0,0.00261277,0.00144162,1.81239
39470,PL,0,3,0,0,0.00211886,0.000875935,2.41897
39480,PL,3,3,12,3,0.0021866,0.00213943,1.02205
39490,PL,4,3,60,5,0.00234628,0.00376294,0.623524
39500,PL,0,3,0,0,0.00215827,0.000877784,2.45877
39510,PL,20,3,0,0,0.00235232,0.00162669,1.44608
39520,PL,29,3,0,0,0.00258363,0.00156902,1.64666
39530,PL,7,3,0,0,0.00223675,0.00115709,1.93308
39540,PL,39,3,0,0,0.00237049,0.00167246,1.41737
39550,PL,10,4,0,0,0.00224451,0.00143553,1.56354
39560,PL,9,3,0,0,0.00242205,0.00131126,1.84712
39570,PL,46,4,0,0,0.00257304,0.00216151,1.19039
39580,PL,17,3,14,3,0.00219427,0.00250394,0.876326
39590,PL,5,3,12,3,0.0025386,0.00244692,1.03747
39600,PL,5,3,12,4,0.00216937,0.00254679,0.851805
39610,PL,16,3,0,0,0.00225192,0.00127225,1.77004
39620,PL,2,3,0,0,0.00215551,0.000951945,2.26432
39630,PL,3,3,19,3,0.00215441,0.00294508,0.73153
39640,PL,8,3,0,0,0.00215528,0.00106368,2.02626
39650,PL,5,3,0,0,0.00245103,0.0010175,2.40889
39660,PL,29,3,0,0,0.00243291,0.00159863,1.52188
39670,PL,6,3,14,3,0.00219634,0.00253698,0.865729
39680,PL,8,3,0,0,0.00269197,0.00118083,2.27974
39690,PL,0,3,0,0,0.00213027,0.000863954,2.46572
39700,PL,8,3,17,3,0.00217035,0.00237229,0.914875
39710,PL,0,3,0,0,0.00214937,0.000875295,2.4556
39720,PL,2,3,4,3,0.00220992,0.00207847,1.06324
39730,PL,1,3,0,0,0.00252737,0.000883755,2.85981
39740,PL,13,3,19,4,0.00222271,0.00349178,0.636556
39750,PL,6,3,19,4,0.00240027,0.00291107,0.824534
39760,PL,9,3,0,0,0.00217848,0.00128406,1.69656
39770,PL,3,3,0,0,0.00240637,0.00105934,2.27159
39780,PL,25,3,0,0,0.00224455,0.00157018,1.42949
39790,PL,6,3,2,3,0.00245726,0.00221732,1.10821
39800,PL,27,3,39,3,0.00259363,0.00405291,0.639944
39810,PL,0,3,0,0,0.00213697,0.000873725,2.44582
39820,PL,10,3,7,3,0.00224263,0.00281542,0.796552
39830,PL,21,3,11,3,0.00246483,0.00258472,0.953616
39840,PL,0,3,31,3,0.00212659,0.00234551,0.906664
39850,PL,4,3,0,0,0.00220981,0.00131662,1.6784
39860,PL,24,3,0,0,0.00259555,0.00144232,1.79957
39870,PL,5,3,0,0,0.00215269,0.000980835,2.19475
39880,PL,28,3,32,4,0.0022884,0.00376676,0.607525
39890,PL,13,3,0,0,0.00218237,0.00114448,1.90687
39900,PL,40,3,0,0,0.00256279,0.00153565,1.66887
39910,PL,36,4,34,3,0.00375145,0.0041417,0.905775
39920,PL,12,3,0,0,0.00242559,0.00137458,1.76461
39930,PL,25,3,0,0,0.00262263,0.00174808,1.50029
39940,PL,19,3,7,3,0.00246542,0.00306161,0.805271
39950,PL,30,4,0,0,0.00240132,0.0018545,1.29486
39960,PL,33,3,37,5,0.00252675,0.00450433,0.56096
39970,PL,18,3,36,4,0.00228402,0.0034828,0.655801
39980,PL,47,4,0,0,0.00243485,0.00194822,1.24978
39990,PL,17,3,10,3,0.00242216,0.00274585,0.882116
40000,PL,2,3,0,0,0.00216442,0.000946935,2.28571
40010,PL,4,3,0,0,0.00220601,0.00114454,1.92743
40020,PL,11,3,0,0,0.00223883,0.00130633,1.71384
40030,PL,7,3,7,3,0.00220444,0.00266062,0.828544
40040,PL,0,3,0,0,0.00211329,0.000872804,2.42127
40050,PL,12,3,13,3,0.00220466,0.00276457,0.797469
40060,PL,20,3,0,0,0.00224372,0.00135278,1.6586
40070,PL,43,5,0,0,0.00248325,0.00245909,1.00983
40080,PL,14,3,0,0,0.00224083,0.00136755,1.63858
40090,PL,0,3,0,0,0.00220549,0.000907835,2.4294
40100,PL,7,3,0,0,0.00218402,0.00104202,2.09596
40110,PL,8,3,0,0,0.00228649,0.00109955,2.07949
40120,PL,32,3,8,3,0.0026653,0.00318139,0.837781
40130,PL,0,3,0,0,0.00213369,0.000881025,2.42183
40140,PL,5,3,11,3,0.00242367,0.0023382,1.03655
40150,PL,29,3,22,3,0.00226979,0.00305505,0.742965
40160,PL,19,3,0,0,0.00261803,0.00130481,2.00645
40170,PL,42,3,0,0,0.00255639,0.00156482,1.63367
40180,PL,16,3,0,0,0.00215362,0.00111566,1.93036
40190,PL,0,3,12,3,0.00230075,0.00213418,1.07805
40200,PL,3,3,8,3,0.00230091,0.00223081,1.03142
40210,PL,40,3,9,3,0.00241402,0.00314053,0.768668
40220,PL,25,5,3,3,0.00223505,0.00332626,0.671942
40230,PL,5,3,0,0,0.00220971,0.00103816,2.1285
40240,PL,17,3,26,4,0.00231339,0.00326723,0.70806
40250,PL,11,3,0,0,0.00230212,0.00111563,2.06352
40260,PL,21,3,0,0,0.00259366,0.00165653,1.56572
40270,PL,17,3,28,4,0.00248089,0.00308997,0.802887
40280,PL,12,4,18,4,0.00227652,0.00352561,0.645711
40290,PL,8,3,0,0,0.0022108,0.00110459,2.00147
40300,PL,17,4,0,0,0.00261402,0.00175882,1.48624
40310,PL,6,3,0,0,0.00220135,0.00110174,1.99807
40320,PL,23,4,19,3,0.00244879,0.00320149,0.764892
40330,PL,2,3,0,0,0.00219471,0.000963975,2.27673
40340,PL,15,3,0,0,0.0022459,0.00135925,1.65231
40350,PL,2,3,20,3,0.00232294,0.0026614,0.872826
40360,PL,0,3,17,3,0.00230457,0.00219638,1.04926
40370,PL,12,3,14,3,0.00221089,0.00240207,0.92041
40380,PL,0,3,0,0,0.00226372,0.000897355,2.52266
40390,PL,18,3,0,0,0.00228375,0.00120599,1.89368
40400,PL,20,3,8,3,0.00237957,0.00243678,0.976522
40410,PL,22,4,13,3,0.00237363,0.00295957,0.80202
40420,PL,10,3,0,0,0.00219543,0.00110388,1.98884
40430,PL,17,3,28,4,0.00244254,0.00310429,0.786829
40440,PL,11,3,4,3,0.0021843,0.00218531,0.999537
40450,PL,9,3,0,0,0.00238393,0.00122956,1.93885
40460,PL,2,3,0,0,0.00218284,0.000950004,2.29772
40470,PL,2,3,0,0,0.00216928,0.00103699,2.09191
40480,PL,16,3,0,0,0.00229707,0.00140532,1.63456
40490,PL,13,3,0,0,0.00228561,0.00127017,1.79946
40500,PL,9,3,0,0,0.00246754,0.00114082,2.16296
40510,PL,32,3,0,0,0.00251427,0.00187066,1.34406
40520,PL,0,3,0,0,0.00216721,0.000896334,2.41786
40530,PL,6,3,20,3,0.00220133,0.00253358,0.86886
40540,PL,14,3,0,0,0.00229626,0.00134376,1.70884
40550,PL,9,3,0,0,0.00220302,0.00106237,2.0737
40560,PL,13,3,21,4,0.00250361,0.00319751,0.782989
40570,PL,0,3,0,0,0.00219124,0.000888805,2.46538
40580,PL,54,3,25,3,0.00279849,0.00365011,0.766688
40590,PL,28,4,13,4,0.00243115,0.00345882,0.702885
40600,PL,11,3,20,3,0.00226149,0.0034564,0.654292
40610,PL,19,3,32,4,0.00241078,0.00371365,0.649168
40620,PL,20,3,0,0,0.00245819,0.00158427,1.55163
40630,PL,7,3,0,0,0.00221497,0.00106227,2.08512
40640,PL,11,3,12,3,0.00220827,0.002281,0.968114
40650,PL,15,3,16,3,0.00220564,0.00316208,0.697529
40660,PL,42,4,13,3,0.00272041,0.00428268,0.635213
40670,PL,50,4,0,0,0.00275839,0.00242532,1.13733
40680,PL,26,3,4,3,0.00266674,0.00279879,0.952819
40690,PL,45,3,0,0,0.00287067,0.00179382,1.60031
40700,PL,22,3,0,0,0.00251445,0.00145282,1.73074
40710,PL,28,3,12,3,0.00261302,0.00259969,1.00513
40720,PL,50,5,0,0,0.00277298,0.00245203,1.13089
40730,PL,14,3,0,0,0.00234241,0.00166674,1.40539
40740,PL,23,3,11,3,0.00252959,0.00335869,0.753149
40750,PL,9,4,0,0,0.00248218,0.00152691,1.62563
40760,PL,26,3,0,0,0.00239069,0.00192621,1.24114
40770,PL,54,3,24,3,0.00255292,0.00328321,0.77757
40780,PL,46,7,0,0,0.00280039,0.00281592,0.994485
40790,PL,20,4,25,4,0.00255389,0.00387378,0.659277
40800,PL,12,3,8,3,0.0024093,0.00229193,1.05121
40810,PL,17,3,26,4,0.00233119,0.00318141,0.732755
40820,PL,36,4,0,0,0.0025723,0.00201004,1.27973
40830,PL,25,3,0,0,0.00235159,0.00159712,1.4724
40840,PL,30,3,0,0,0.00259396,0.00180591,1.43638
40850,PL,26,3,8,3,0.00237479,0.0031172,0.761836
40860,PL,39,4,0,0,0.00254426,0.00214266,1.18743
40870,PL,34,3,22,4,0.00263708,0.00347592,0.758672
40880,PL,16,3,0,0,0.00247215,0.00134132,1.84308
40890,PL,9,3,3,3,0.00222692,0.00216634,1.02796
40900,PL,40,3,0,0,0.00257141,0.00165032,1.55813
40910,PL,30,3,0,0,0.00256247,0.00155242,1.65063
40920,PL,11,3,0,0,0.00238879,0.00121808,1.96112
40930,PL,25,3,0,0,0.0025334,0.0012285,2.0622
40940,PL,37,3,5,3,0.0026761,0.0029337,0.912196
40950,PL,25,3,0,0,0.00276268,0.00173501,1.59231
40960,PL,28,3,0,0,0.00243448,0.00176036,1.38295
40970,PL,0,3,0,0,0.00213716,0.000887125,2.40909
40980,PL,20,3,0,0,0.0024383,0.00157665,1.54651
40990,PL,40,3,0,0,0.00248637,0.00163249,1.52306
41000,PL,16,3,0,0,0.00223562,0.00142729,1.56634
41010,PL,33,3,15,3,0.00286665,0.00341518,0.839384
41020,PL,27,4,0,0,0.00246119,0.00175075,1.40579
41030,PL,21,3,0,0,0.00242115,0.00158935,1.52336
41040,PL,12,3,0,0,0.00248749,0.00131536,1.89112
41050,PL,11,3,0,0,0.00227292,0.00119453,1.90278
41060,PL,0,3,0,0,0.00258916,0.000882655,2.93338
41070,PL,15,3,22,4,0.00229813,0.00302961,0.758558
41080,PL,9,3,0,0,0.00227209,0.00112772,2.01477
41090,PL,0,3,0,0,0.0025716,0.000875155,2.93845
41100,PL,26,3,12,3,0.0027041,0.00287892,0.939279
41110,PL,15,3,0,0,0.00226185,0.00140262,1.61259
41120,PL,21,4,8,3,0.0023267,0.00321474,0.723761
41130,PL,28,3,0,0,0.00279626,0.0015694,1.78174
41140,PL,8,3,8,3,0.0022813,0.00220655,1.03388
41150,PL,11,3,27,5,0.00221702,0.00386056,0.574275
41160,PL,10,3,0,0,0.00227042,0.00126538,1.79427
41170,PL,17,3,0,0,0.00263852,0.00129612,2.03572
41180,PL,6,3,0,0,0.00222266,0.00111042,2.00165
41190,PL,18,3,17,3,0.00234667,0.00270734,0.86678
41200,PL,12,3,0,0,0.00218318,0.00119598,1.82544
41210,PL,10,3,0,0,0.00226836,0.00138247,1.64081
41220,PL,2,3,16,3,0.00224617,0.00269764,0.832642
41230,PL,49,3,10,3,0.00263355,0.00335498,0.784969
41240,PL,0,3,0,0,0.00218534,0.000870544,2.51032
41250,PL,32,3,0,0,0.0022386,0.00166009,1.34848
41260,PL,11,3,0,0,0.00221112,0.00135373,1.63336
41270,PL,38,3,0,0,0.00284181,0.00188042,1.51126
41280,PL,7,3,15,3,0.00228321,0.00253084,0.902155
41290,PL,23,3,11,5,0.00224332,0.00365423,0.613897
41300,PL,52,4,0,0,0.0028731,0.00197152,1.4573
41310,PL,7,3,0,0,0.00212128,0.000968335,2.19065
41320,PL,37,3,0,0,0.00271514,0.00177455,1.53005
41330,PL,20,3,0,0,0.0024449,0.00135814,1.80019
41340,PL,30,3,10,3,0.00244188,0.00269831,0.904966
41350,PL,10,3,0,0,0.00226088,0.0014186,1.59375
41360,PL,5,3,0,0,0.00220625,0.00112954,1.95324
41370,PL,10,3,19,5,0.00257412,0.00316153,0.814203
41380,PL,13,3,0,0,0.00243936,0.00110829,2.20103
41390,PL,16,3,10,3,0.00225565,0.00252626,0.892881
41400,PL,4,3,0,0,0.00234489,0.000962405,2.43649
41410,PL,5,3,14,3,0.0021724,0.00289956,0.749216
41420,PL,20,3,5,3,0.00230728,0.00233661,0.987448
41430,PL,24,3,0,0,0.00229456,0.00149946,1.53026
41440,PL,24,3,0,0,0.00232966,0.00117299,1.9861
41450,PL,8,3,0,0,0.00220713,0.00115909,1.9042
41460,PL,21,3,0,0,0.00275939,0.0017886,1.54277
41470,PL,6,3,27,4,0.00222991,0.00346996,0.642634
41480,PL,0,3,0,0,0.00218006,0.000883025,2.46886
41490,PL,49,6,33,5,0.00245173,0.00514537,0.476493
41500,PL,17,3,20,4,0.00248621,0.00416582,0.596812
41510,PL,7,3,0,0,0.00218999,0.00112539,1.94599
41520,PL,10,3,0,0,0.00254267,0.00108778,2.3375
41530,PL,5,3,0,0,0.00261026,0.00101936,2.56068
41540,PL,28,3,0,0,0.00263482,0.00160468,1.64196
41550,PL,5,3,10,4,0.00218101,0.00258803,0.842729
41560,PL,10,3,8,3,0.00220247,0.00230838,0.954119
41570,PL,24,4,0,0,0.00275538,0.0019196,1.4354
41580,PL,3,3,18,3,0.00217637,0.0022818,0.953795
41590,PL,15,4,0,0,0.00218373,0.0013819,1.58024
41600,PL,13,3,33,4,0.00222059,0.0035479,0.625889
41610,PL,14,4,0,0,0.00220517,0.00133088,1.65693
41620,PL,4,3,19,3,0.00221805,0.00283542,0.782264
41630,PL,27,4,0,0,0.00253254,0.00186672,1.35668
41640,PL,9,3,0,0,0.00243507,0.00118622,2.05281
41650,PL,24,3,0,0,0.00219752,0.00150219,1.46288
41660,PL,9,3,0,0,0.00222163,0.00107633,2.06409
41670,PL,5,3,0,0,0.00225492,0.00109413,2.06093
41680,PL,10,3,0,0,0.00225817,0.00125999,1.79222
41690,PL,3,3,0,0,0.00268137,0.00100457,2.66916
41700,PL,16,3,21,4,0.00218589,0.00331225,0.659942
41710,PL,5,3,0,0,0.00229138,0.000960445,2.38575
41720,PL,12,4,9,3,0.00225022,0.00253393,0.888035
41730,PL,18,4,0,0,0.00230348,0.00156507,1.47181
41740,PL,0,3,0,0,0.00212516,0.000892005,2.38245
41750,PL,2,3,0,0,0.00229968,0.000972765,2.36407
41760,PL,0,3,23,3,0.00258969,0.00235124,1.10141
41770,PL,15,3,0,0,0.00236042,0.0013966,1.69012
41780,PL,21,3,16,3,0.00249431,0.00302478,0.824627
41790,PL,0,3,0,0,0.00214599,0.000875774,2.45039
41800,PL,23,3,3,3,0.00260325,0.00251189,1.03637
41810,PL,24,3,19,3,0.00228917,0.00287689,0.795709
41820,PL,2,3,0,0,0.00222807,0.000901795,2.47071
41830,PL,5,3,0,0,0.00216478,0.00110691,1.9557
41840,PL,4,3,22,4,0.00227455,0.00343808,0.661577
41850,PL,11,3,0,0,0.00225999,0.0012013,1.88129
41860,PL,20,3,0,0,0.00362596,0.00159409,2.27463
41870,PL,11,3,20,3,0.00234295,0.00297748,0.786892
41880,PL,11,3,9,3,0.0022801,0.00255105,0.893788
41890,PL,5,3,0,0,0.00222381,0.00121161,1.83543
41900,PL,21,3,0,0,0.00242156,0.00168165,1.43999
41910,PL,21,3,41,4,0.00227302,0.00369606,0.614985
41920,PL,26,3,13,3,0.00230689,0.00282797,0.81574
41930,PL,12,3,13,3,0.00246588,0.00233998,1.0538
41940,PL,10,3,0,0,0.00225136,0.00114878,1.95979
41950,PL,0,3,0,0,0.00213891,0.000892285,2.39712
41960,PL,17,3,0,0,0.00231728,0.00147269,1.57351
41970,PL,11,4,9,3,0.00224044,0.00301066,0.74417
41980,PL,3,3,0,0,0.00223506,0.00103063,2.16865
41990,PL,15,3,8,3,0.00229997,0.0024851,0.925503
42000,PL,31,3,0,0,0.00263127,0.0017298,1.52114
42010,PL,5,3,19,3,0.00226194,0.00289033,0.782591
42020,PL,13,3,0,0,0.0022719,0.00146347,1.55241
42030,PL,20,3,12,3,0.00224314,0.00286214,0.78373
42040,PL,13,3,0,0,0.00230855,0.00150568,1.53323
42050,PL,1,3,0,0,0.00217829,0.000999395,2.17961
42060,PL,0,3,20,3,0.00220863,0.00259048,0.852594
42070,PL,0,3,0,0,0.00225494,0.000937845,2.40439
42080,PL,7,3,10,4,0.00224828,0.00264075,0.851379
42090,PL,0,3,0,0,0.0022293,0.000911854,2.4448
42100,PL,5,3,0,0,0.0021912,0.00111535,1.96459
42110,PL,0,3,0,0,0.00215799,0.000891455,2.42075
42120,PL,9,3,0,0,0.00247229,0.0012293,2.01115
42130,PL,11,3,18,3,0.00231964,0.0029536,0.785362
42140,PL,8,3,0,0,0.002311,0.000996385,2.31939
42150,PL,15,3,17,3,0.00225932,0.00299911,0.753332
42160,PL,21,4,0,0,0.00226062,0.00171707,1.31656
42170,PL,5,3,15,3,0.00219229,0.00228285,0.96033
42180,PL,14,3,0,0,0.00226826,0.00122567,1.85063
42190,PL,7,3,0,0,0.00223281,0.00135419,1.64882
42200,PL,0,3,0,0,0.00214461,0.000929575,2.30709
42210,PL,12,3,0,0,0.00220916,0.00106759,2.0693
42220,PL,12,3,10,3,0.00223915,0.00217493,1.02953
42230,PL,4,3,0,0,0.00221146,0.00103713,2.1323
42240,PL,11,3,0,0,0.00225059,0.00110166,2.04292
42250,PL,5,3,7,3,0.00221061,0.00225608,0.979846
42260,PL,7,3,21,3,0.00228125,0.003056,0.746484
42270,PL,7,3,6,3,0.00224822,0.00216578,1.03806
42280,PL,0,3,8,3,0.00226481,0.00226504,0.999898
42290,PL,6,3,10,4,0.00222935,0.0027521,0.810053
42300,PL,10,3,36,4,0.00226484,0.00312427,0.72492
42310,PL,5,3,0,0,0.00229158,0.00114559,2.00036
42320,PL,4,3,0,0,0.00217994,0.00104032,2.09544
42330,PL,10,3,12,3,0.00223571,0.00279996,0.798479
42340,PL,15,3,19,3,0.00254136,0.00289664,0.877347
42350,PL,2,3,0,0,0.00217835,0.000996015,2.18707
42360,PL,28,3,0,0,0.00262528,0.00201592,1.30227
42370,PL,17,4,0,0,0.00223674,0.00148301,1.50825
42380,PL,27,4,0,0,0.00227648,0.00173337,1.31333
42390,PL,6,3,0,0,0.00229092,0.00113881,2.01169
42400,PL,9,3,0,0,0.00222292,0.00136547,1.62796
42410,PL,9,3,0,0,0.00223194,0.00114537,1.94867
42420,PL,3,3,12,3,0.0022083,0.0027273,0.809701
42430,PL,3,3,0,0,0.00224078,0.00100001,2.24075
42440,PL,2,3,0,0,0.00225791,0.00103958,2.17196
42450,PL,21,3,4,3,0.00223642,0.00260375,0.858922
42460,PL,10,3,0,0,0.00226457,0.00104387,2.16941
42470,PL,20,3,23,4,0.0022477,0.00332336,0.676334
42480,PL,33,4,0,0,0.00260388,0.00201719,1.29085
42490,PL,9,3,0,0,0.00216293,0.00111166,1.94569
42500,PL,6,3,0,0,0.00222887,0.00130227,1.71153
42510,PL,14,3,0,0,0.00249909,0.00150052,1.66549
42520,PL,9,3,0,0,0.00222109,0.00109024,2.03726
42530,PL,10,3,0,0,0.00221969,0.000975775,2.2748
42540,PL,0,3,0,0,0.00215138,0.000887684,2.42359
42550,PL,14,3,0,0,0.00256933,0.00130331,1.9714
42560,PL,24,4,0,0,0.00241158,0.00129452,1.86292
42570,PL,17,4,24,4,0.00218654,0.0035324,0.618996
42580,PL,14,3,0,0,0.00243942,0.0015048,1.6211
42590,PL,11,3,4,3,0.00256634,0.00253941,1.0106
42600,PL,3,3,0,0,0.00225995,0.00114321,1.97685
42610,PL,9,3,7,3,0.0021999,0.00250989,0.876492
42620,PL,3,3,26,4,0.00232306,0.00296782,0.782752
42630,PL,2,3,0,0,0.0021987,0.00106434,2.0658
42640,PL,17,4,0,0,0.00231057,0.00168454,1.37164
42650,PL,8,3,0,0,0.00222084,0.00117106,1.89644
42660,PL,13,4,0,0,0.00260091,0.00133931,1.94198
42670,PL,3,3,16,4,0.00220928,0.00249387,0.885884
42680,PL,6,3,0,0,0.00218592,0.00111264,1.96463
42690,PL,0,3,0,0,0.00244511,0.000888974,2.75049
42700,PL,28,3,13,3,0.00265909,0.00279675,0.950778
42710,PL,4,3,0,0,0.00217313,0.000993765,2.18677
42720,PL,3,3,0,0,0.00217365,0.00102071,2.12954
42730,PL,6,3,0,0,0.00228037,0.00111398,2.04706
42740,PL,9,3,0,0,0.0022995,0.00142022,1.61912
42750,PL,8,3,0,0,0.00220033,0.00138653,1.58694
42760,PL,0,3,0,0,0.00223001,0.000925574,2.40933
42770,PL,19,3,0,0,0.00237852,0.00113649,2.09288
42780,PL,5,3,0,0,0.00227056,0.00106752,2.12696
42790,PL,7,3,24,3,0.00223286,0.00330066,0.67649
42800,PL,10,3,0,0,0.00229668,0.00121778,1.88596
42810,PL,1,3,0,0,0.00218576,0.000938905,2.32799
42820,PL,21,3,20,3,0.00234299,0.00299512,0.782271
42830,PL,7,3,0,0,0.00262253,0.00100808,2.6015
42840,PL,5,3,0,0,0.00225082,0.00105654,2.13038
42850,PL,0,3,9,3,0.00221514,0.00223547,0.990906
42860,PL,5,3,16,3,0.00231181,0.00327607,0.705667
42870,PL,10,3,12,3,0.0023408,0.00244861,0.955971
42880,PL,13,3,0,0,0.00222506,0.00119224,1.86629
42890,PL,10,3,7,3,0.00259231,0.00260309,0.995859
42900,PL,5,3,0,0,0.00222494,0.00130051,1.71083
42910,PL,9,3,4,3,0.00227028,0.00221043,1.02708
42920,PL,12,4,0,0,0.00230743,0.00150584,1.53232
42930,PL,12,3,0,0,0.00228745,0.00127158,1.79891
42940,PL,4,3,0,0,0.00233378,0.00126545,1.84424
42950,PL,8,3,23,3,0.00225771,0.00306181,0.737379
42960,PL,0,3,0,0,0.00223737,0.000896695,2.49513
42970,PL,12,3,0,0,0.00230944,0.00116501,1.98234
42980,PL,0,3,0,0,0.00249436,0.000899034,2.77449
42990,PL,29,3,18,3,0.0023978,0.0032442,0.739105
43000,PL,4,3,13,3,0.00227864,0.0025585,0.890615
43010,PL,0,3,0,0,0.0022006,0.000899925,2.44532
43020,PL,6,3,0,0,0.00226596,0.00117521,1.92814
43030,PL,3,3,10,3,0.00222493,0.00222059,1.00195
43040,PL,9,3,0,0,0.00221414,0.00106393,2.08111
43050,PL,6,3,0,0,0.00224092,0.00136592,1.6406
43060,PL,16,3,7,3,0.00266127,0.00295185,0.901563
43070,PL,0,3,0,0,0.00219717,0.000904015,2.43046
43080,PL,8,3,30,4,0.00232267,0.00287231,0.808641
43090,PL,5,3,16,4,0.00220847,0.00234668,0.941104
43100,PL,1,3,15,4,0.00230169,0.00302287,0.761427
43110,PL,6,3,0,0,0.00222005,0.00110996,2.00013
43120,PL,12,3,0,0,0.0022563,0.00122916,1.83565
43130,PL,14,3,17,3,0.00226145,0.00300397,0.75282
43140,PL,2,3,0,0,0.00265838,0.000919335,2.89164
43150,PL,16,3,20,3,0.00226751,0.00288603,0.785687
43160,PL,11,3,0,0,0.00390197,0.00104359,3.739
43170,PL,17,3,0,0,0.00220461,0.00119582,1.8436
43180,PL,4,3,0,0,0.00219965,0.000949055,2.31773
43190,PL,21,3,0,0,0.00260965,0.00207322,1.25874
43200,PL,13,3,28,3,0.00224194,0.00297294,0.754117
43210,PL,6,3,0,0,0.00247544,0.00112015,2.20993
43220,PL,6,3,20,3,0.00224787,0.00265942,0.845247
43230,PL,28,3,0,0,0.00274277,0.00156285,1.75498
43240,PL,17,3,24,3,0.00220783,0.0032193,0.685812
43250,PL,11,3,0,0,0.00217452,0.00118589,1.83367
43260,PL,0,3,0,0,0.00217781,0.000867584,2.5102
43270,PL,3,3,0,0,0.00258023,0.000987995,2.61159
43280,PL,7,3,17,3,0.00223278,0.00283322,0.78807
43290,PL,13,3,34,5,0.00247095,0.00385343,0.641235
43300,PL,10,3,17,3,0.00225353,0.00298898,0.753948
43310,PL,12,3,10,3,0.00257613,0.00269279,0.956676
43320,PL,11,3,4,3,0.00223204,0.00288901,0.772596
43330,PL,11,3,8,3,0.00232794,0.00270218,0.861507
43340,PL,21,3,0,0,0.00233243,0.0014236,1.63841
43350,PL,3,3,0,0,0.00216124,0.000998885,2.16365
43360,PL,5,3,15,3,0.00215614,0.00249902,0.862794
43370,PL,8,3,0,0,0.00221473,0.00122797,1.80358
43380,PL,0,3,0,0,0.00215159,0.000871744,2.46815
43390,PL,4,3,0,0,0.00225343,0.00129837,1.73559
43400,PL,12,3,0,0,0.00219781,0.00127485,1.72398
43410,PL,5,3,0,0,0.00221064,0.000925795,2.38783
43420,PL,9,3,6,3,0.00222493,0.00250965,0.88655
43430,PL,7,3,3,3,0.00222356,0.00210345,1.0571
43440,PL,11,3,0,0,0.0021875,0.00143197,1.52762
43450,PL,25,3,0,0,0.00226968,0.00162492,1.3968
43460,PL,0,3,0,0,0.00267777,0.000885424,3.02428
43470,PL,2,3,0,0,0.00219125,0.000907025,2.41587
43480,PL,0,3,0,0,0.00215199,0.000886475,2.42758
43490,PL,26,3,2,3,0.00251615,0.00279421,0.900487
43500,PL,0,3,0,0,0.00213335,0.000894545,2.38484
43510,PL,18,3,0,0,0.00271191,0.0013465,2.01405
43520,PL,13,3,0,0,0.00227623,0.00139824,1.62793
43530,PL,0,3,0,0,0.00217076,0.000867975,2.50095
43540,PL,4,3,0,0,0.00219759,0.00116806,1.88141
43550,PL,17,3,0,0,0.00257008,0.00168982,1.52092
43560,PL,3,3,0,0,0.00219692,0.000895945,2.45207
43570,PL,5,3,0,0,0.00271368,0.000931035,2.9147
43580,PL,0,3,21,3,0.00218026,0.00230721,0.944976
43590,PL,19,3,0,0,0.00225607,0.00120445,1.87312
43600,PL,0,3,0,0,0.00215192,0.000903205,2.38254
43610,PL,11,3,27,4,0.00222939,0.0028062,0.794454
43620,PL,0,3,14,5,0.00248896,0.00239006,1.04138
43630,PL,9,3,0,0,0.0022124,0.00118195,1.87183
43640,PL,7,3,0,0,0.00218297,0.00115568,1.88891
43650,PL,4,3,5,3,0.0021916,0.00242856,0.902427
43660,PL,19,3,0,0,0.00261443,0.00135931,1.92336
43670,PL,16,3,0,0,0.00233083,0.00136414,1.70865
43680,PL,8,3,0,0,0.00224095,0.00138423,1.61892
43690,PL,2,3,0,0,0.00218239,0.000980345,2.22615
43700,PL,12,3,8,3,0.00222235,0.00265495,0.837058
43710,PL,9,3,19,4,0.00218283,0.00271686,0.803438
43720,PL,39,3,9,3,0.00251582,0.00297099,0.846797
43730,PL,4,3,15,3,0.00216604,0.00221354,0.978541
43740,PL,5,3,0,0,0.00215405,0.00104388,2.06351
43750,PL,24,3,0,0,0.00272709,0.00159047,1.71465
43760,PL,10,3,4,3,0.00226623,0.00222911,1.01665
43770,PL,0,3,0,0,0.00261049,0.000988695,2.64034
43780,PL,7,3,0,0,0.00222938,0.0011186,1.99302
43790,PL,5,3,3,3,0.00218495,0.00257255,0.849331
43800,PL,15,3,15,3,0.00226763,0.00288506,0.78599
43810,PL,9,3,14,3,0.00215621,0.0024104,0.894544
43820,PL,1,3,0,0,0.00218683,0.000987565,2.21437
43830,PL,0,3,0,0,0.00214804,0.000887005,2.42168
43840,PL,5,3,0,0,0.00222094,0.000966005,2.2991
43850,PL,23,3,0,0,0.00223107,0.00152075,1.46709
43860,PL,3,3,0,0,0.00246087,0.000995465,2.47208
43870,PL,5,3,0,0,0.00221143,0.00110135,2.00794
43880,PL,7,3,0,0,0.0021531,0.00109992,1.95751
43890,PL,0,3,0,0,0.0021419,0.000932495,2.29696
43900,PL,32,3,0,0,0.00252672,0.00162136,1.5584
43910,PL,4,3,0,0,0.0021623,0.0010203,2.11927
43920,PL,0,3,25,3,0.00223302,0.00257121,0.86847
43930,PL,44,3,7,3,0.00262492,0.00315148,0.832919
43940,PL,2,3,17,3,0.00220537,0.00225554,0.977757
43950,PL,21,3,0,0,0.00225207,0.00114831,1.96121
43960,PL,16,3,4,3,0.002341,0.00260601,0.898308
43970,PL,28,3,0,0,0.00244522,0.00167573,1.4592
43980,PL,7,3,0,0,0.00218831,0.00112497,1.94522
43990,PL,16,3,6,3,0.00249415,0.00261202,0.954874
44000,PL,3,3,16,3,0.0022694,0.00275062,0.82505
44010,PL,22,3,0,0,0.00263213,0.00154988,1.69828
44020,PL,3,3,0,0,0.00248641,0.000930915,2.67093
44030,PL,16,3,0,0,0.00222873,0.00117238,1.90104
44040,PL,15,3,33,4,0.00265233,0.00343503,0.772143
44050,PL,4,3,0,0,0.00225042,0.000963705,2.33518
44060,PL,12,3,32,4,0.00231577,0.00329228,0.703395
44070,PL,18,3,0,0,0.00218807,0.00115746,1.89041
44080,PL,14,4,16,3,0.00231457,0.00301986,0.766451
44090,PL,16,4,8,4,0.00257074,0.00314392,0.817689
44100,PL,0,3,0,0,0.00237725,0.000914835,2.59856
44110,PL,4,3,0,0,0.00230519,0.00106992,2.15455
44120,PL,26,3,0,0,0.00230092,0.00156465,1.47057
44130,PL,14,3,0,0,0.00225816,0.00156337,1.44442
44140,PL,8,3,9,3,0.00258723,0.00238706,1.08386
44150,PL,54,4,0,0,0.00260121,0.00220534,1.17951
44160,PL,8,3,0,0,0.0021947,0.00125633,1.74692
44170,PL,16,3,0,0,0.00243433,0.00122197,1.99214
44180,PL,23,3,0,0,0.0022952,0.00182691,1.25633
44190,PL,5,3,18,3,0.00225979,0.00260832,0.866377
44200,PL,4,3,0,0,0.00214107,0.00101438,2.11073
44210,PL,2,3,0,0,0.00216079,0.000926265,2.3328
44220,PL,23,3,0,0,0.0025954,0.00155434,1.66978
44230,PL,15,3,0,0,0.00218457,0.00100647,2.17052
44240,PL,27,3,0,0,0.00247793,0.00186586,1.32804
44250,PL,15,3,26,5,0.0022595,0.00350885,0.643944
44260,PL,45,4,0,0,0.00266235,0.00227753,1.16896
44270,PL,10,4,0,0,0.00214213,0.00147145,1.4558
44280,PL,4,3,0,0,0.00246462,0.00114552,2.15154
44290,PL,7,3,25,3,0.00221165,0.00299405,0.738683
44300,PL,7,3,11,3,0.00232871,0.00214255,1.08689
44310,PL,2,3,12,3,0.00219178,0.00228228,0.960346
44320,PL,8,3,14,3,0.00217859,0.00239061,0.911311
44330,PL,18,3,0,0,0.00270663,0.00135212,2.00177
44340,PL,6,3,0,0,0.00220248,0.00117823,1.86932
44350,PL,9,4,12,3,0.00228828,0.00455947,0.501874
44360,PL,24,3,9,3,0.00263,0.00353255,0.744506
44370,PL,19,3,0,0,0.00226455,0.00162025,1.39766
44380,PL,2,3,0,0,0.00215768,0.000968615,2.22759
44390,PL,1,3,0,0,0.00213659,0.000884275,2.41621
44400,PL,5,3,0,0,0.00220153,0.00115029,1.9139
44410,PL,19,3,0,0,0.00221021,0.00144361,1.53103
44420,PL,4,3,16,3,0.00216247,0.00253297,0.853728
44430,PL,20,3,0,0,0.00259538,0.00150888,1.72007
44440,PL,5,3,0,0,0.00249308,0.00101191,2.46375
44450,PL,11,3,4,3,0.00230088,0.00233299,0.986237
44460,PL,0,3,0,0,0.00212273,0.000896055,2.36897
44470,PL,15,3,0,0,0.00247889,0.00147354,1.68227
44480,PL,17,3,0,0,0.00228619,0.0013024,1.75537
44490,PL,5,3,11,3,0.00216419,0.00212629,1.01782
44500,PL,6,3,26,4,0.00220458,0.00321546,0.68562
44510,PL,14,3,0,0,0.0024286,0.00141168,1.72037
44520,PL,47,3,19,4,0.00253994,0.00362692,0.700303
44530,PL,34,3,7,3,0.00248613,0.00288261,0.862458
44540,PL,12,3,0,0,0.00237234,0.00112003,2.11811
44550,PL,11,3,0,0,0.00241407,0.00134162,1.79937
44560,PL,15,3,0,0,0.00220104,0.00117487,1.87344
44570,PL,18,3,7,3,0.00235221,0.00257538,0.913345
44580,PL,8,3,0,0,0.0021346,0.0010142,2.10472
44590,PL,13,3,7,3,0.00229305,0.00237038,0.967377
44600,PL,26,3,0,0,0.00236622,0.0018802,1.2585
44610,PL,9,3,0,0,0.00256859,0.00105995,2.42332
44620,PL,3,3,0,0,0.00214306,0.00115676,1.85265
44630,PL,21,3,0,0,0.00234983,0.00136814,1.71754
44640,PL,23,3,0,0,0.002226,0.00148919,1.49478
44650,PL,15,3,0,0,0.00222852,0.00120476,1.84977
44660,PL,37,3,0,0,0.00235528,0.00198288,1.18781
44670,PL,13,3,0,0,0.00221863,0.00136972,1.61977
44680,PL,7,3,0,0,0.00222347,0.00126097,1.76331
44690,PL,6,3,0,0,0.00214143,0.00104082,2.05744
44700,PL,14,3,10,4,0.00218921,0.00258747,0.846081
44710,PL,9,3,6,3,0.00223025,0.00222549,1.00214
44720,PL,5,3,0,0,0.00216531,0.00102055,2.12172
44730,PL,11,3,0,0,0.00222837,0.00116956,1.90531
44740,PL,20,3,16,3,0.00235437,0.00281082,0.837612
44750,PL,30,3,0,0,0.00223812,0.00150235,1.48975
44760,PL,5,3,0,0,0.00246581,0.00110238,2.23682
44770,PL,9,3,7,3,0.00221407,0.00239799,0.923302
44780,PL,9,3,0,0,0.00225693,0.00114965,1.96315
44790,PL,17,3,0,0,0.00217804,0.00144995,1.50215
44800,PL,5,3,0,0,0.00215293,0.00100628,2.13951
44810,PL,11,3,0,0,0.00219257,0.00105953,2.06937
44820,PL,0,3,0,0,0.00208736,0.000849065,2.45842
44830,PL,0,3,0,0,0.0021371,0.000866074,2.46757
44840,PL,0,3,14,3,0.00212334,0.00310682,0.683446
44850,PL,47,3,10,3,0.00250674,0.00323167,0.775681
44860,PL,10,3,0,0,0.00228842,0.00116612,1.96243
44870,PL,14,3,0,0,0.00225801,0.00145176,1.55536
44880,PL,19,3,0,0,0.00251977,0.00145061,1.73705
44890,PL,6,3,0,0,0.00222918,0.00103519,2.15341
44900,PL,18,4,0,0,0.00219944,0.0013855,1.58747
44910,PL,7,3,23,4,0.00221709,0.00314141,0.705764
44920,PL,17,3,7,3,0.00218093,0.00200343,1.0886
44930,PL,2,3,11,3,0.00215752,0.00194343,1.11016
44940,PL,0,3,0,0,0.00215982,0.000877035,2.46264
44950,PL,0,3,0,0,0.00216283,0.000874245,2.47394
44960,PL,2,3,14,3,0.0021694,0.00229218,0.946435
44970,PL,6,3,33,3,0.00217944,0.00251316,0.86721
44980,PL,11,3,12,4,0.00215175,0.00247037,0.871023
44990,PL,31,3,8,3,0.0022471,0.00287115,0.78265
45000,PL,6,3,0,0,0.00216432,0.00106714,2.02816
45010,PL,12,3,0,0,0.0025093,0.00128917,1.94645
45020,PL,20,3,0,0,0.00257084,0.00148128,1.73556
45030,PL,10,3,0,0,0.00226532,0.00122333,1.85177
45040,PL,8,3,0,0,0.00220274,0.00110263,1.99772
45050,PL,25,3,0,0,0.00231034,0.00171926,1.3438
45060,PL,40,3,0,0,0.00256867,0.00169519,1.51527
45070,PL,9,3,0,0,0.00233063,0.00108024,2.15752
45080,PL,13,3,0,0,0.00328049,0.00165659,1.98027
45090,PL,19,3,0,0,0.00257317,0.00140871,1.82662
45100,PL,6,3,0,0,0.00218765,0.00102005,2.14466
45110,PL,6,3,23,5,0.00223773,0.00343541,0.651373
45120,PL,7,3,0,0,0.00213427,0.000998205,2.13811
45130,PL,4,3,7,3,0.00214323,0.00198386,1.08033
45140,PL,0,3,0,0,0.00212033,0.000876555,2.41894
45150,PL,4,3,9,3,0.0021593,0.00214365,1.0073
45160,PL,14,3,15,3,0.00245848,0.0026792,0.917617
45170,PL,0,3,0,0,0.00214671,0.000905845,2.36984
45180,PL,8,3,19,5,0.0022507,0.00296471,0.759163
45190,PL,2,3,0,0,0.00218774,0.000926705,2.36077
45200,PL,14,3,0,0,0.0023382,0.00148643,1.57303
45210,PL,15,3,1,3,0.0026071,0.00253661,1.02779
45220,PL,21,3,12,3,0.00247014,0.0030355,0.813753
45230,PL,8,3,12,3,0.00225221,0.00244594,0.920795
45240,PL,14,3,4,3,0.00219423,0.00202291,1.08469
45250,PL,10,4,18,4,0.00220082,0.00364484,0.603819
45260,PL,9,3,0,0,0.0022024,0.0011877,1.85435
45270,PL,11,3,19,3,0.00224978,0.00272575,0.825379
45280,PL,18,3,40,5,0.00229968,0.00381314,0.603094
45290,PL,34,3,19,3,0.00231705,0.00327036,0.708501
45300,PL,3,3,27,4,0.00221708,0.00292386,0.758274
45310,PL,3,3,0,0,0.00213879,0.000985425,2.17042
45320,PL,5,3,15,3,0.00216424,0.00277312,0.780434
45330,PL,26,3,8,3,0.00253148,0.00287266,0.881235
45340,PL,0,3,21,4,0.00211802,0.00291637,0.726252
45350,PL,8,3,21,3,0.00220046,0.0025872,0.850518
45360,PL,26,3,0,0,0.00257884,0.0015652,1.64761
45370,PL,4,3,0,0,0.00218055,0.00103019,2.11666
45380,PL,7,3,15,3,0.00228039,0.00253704,0.898839
45390,PL,14,3,5,3,0.00247042,0.00249254,0.991126
45400,PL,13,3,0,0,0.00217999,0.00116456,1.87195
45410,PL,0,3,34,4,0.00216726,0.00307846,0.704009
45420,PL,15,3,0,0,0.0024954,0.00155479,1.60498
45430,PL,1,3,0,0,0.00214434,0.000895715,2.394
45440,PL,17,3,0,0,0.0026754,0.00157596,1.69764
45450,PL,32,3,0,0,0.00246281,0.00147092,1.67434
45460,PL,1,3,11,4,0.00217712,0.00251057,0.867181
45470,PL,0,3,0,0,0.00215654,0.000967855,2.22817
45480,PL,3,3,17,4,0.00222071,0.00308565,0.719691
45490,PL,10,3,0,0,0.0022165,0.00123955,1.78815
45500,PL,3,3,0,0,0.00214255,0.000939235,2.28117
45510,PL,8,3,0,0,0.00255825,0.00123305,2.07474
45520,PL,0,3,14,3,0.00216817,0.00236366,0.917293
45530,PL,14,3,0,0,0.00227498,0.00119345,1.90623
45540,PL,14,3,0,0,0.00244782,0.00126205,1.93956
45550,PL,7,3,0,0,0.00222442,0.00105095,2.11657
45560,PL,29,3,0,0,0.0024203,0.00154397,1.56759
45570,PL,31,3,0,0,0.00241338,0.00169039,1.42771
45580,PL,0,3,0,0,0.002165,0.000877624,2.46689
45590,PL,21,3,18,3,0.00229206,0.00300031,0.763943
45600,PL,0,3,0,0,0.00221164,0.000909225,2.43245
45610,PL,14,3,16,3,0.00227305,0.00277778,0.818297
45620,PL,11,3,0,0,0.00220623,0.00111365,1.98109
45630,PL,19,4,0,0,0.00222812,0.00141615,1.57337
45640,PL,14,3,21,3,0.00224673,0.00284919,0.78855
45650,PL,10,3,0,0,0.0024509,0.00135021,1.81521
45660,PL,10,3,0,0,0.00217427,0.00135265,1.60742
45670,PL,6,3,31,4,0.0021909,0.00281143,0.779285
45680,PL,21,3,8,3,0.00239954,0.00260497,0.921139
45690,PL,7,3,28,4,0.00223686,0.00296347,0.754813
45700,PL,19,3,3,3,0.00251175,0.00294365,0.85328
45710,PL,12,3,0,0,0.00219367,0.0011981,1.83096
45720,PL,8,3,0,0,0.00222164,0.00123398,1.80039
45730,PL,10,3,27,3,0.00231926,0.0027246,0.851229
45740,PL,17,4,0,0,0.00218337,0.00122085,1.78841
45750,PL,6,3,8,3,0.0021928,0.00238622,0.918943
45760,PL,16,3,0,0,0.00241513,0.00153855,1.56975
45770,PL,17,3,0,0,0.00224089,0.00130135,1.72198
45780,PL,4,3,25,4,0.00216978,0.0031498,0.688864
45790,PL,15,3,0,0,0.00229104,0.00117093,1.95661
45800,PL,10,3,0,0,0.00240988,0.00124084,1.94214
45810,PL,3,3,0,0,0.00230252,0.000913275,2.52117
45820,PL,8,3,3,3,0.00216822,0.00261898,0.827886
45830,PL,21,3,0,0,0.00225191,0.00131241,1.71586
45840,PL,4,3,9,3,0.0021802,0.00241686,0.902079
45850,PL,2,3,0,0,0.00218,0.000925945,2.35435
45860,PL,5,3,14,3,0.00218952,0.00320922,0.68226
45870,PL,22,6,0,0,0.00222685,0.00221411,1.00575
45880,PL,7,3,0,0,0.00222664,0.00103994,2.14114
45890,PL,15,3,19,4,0.00221174,0.00257684,0.858314
45900,PL,1,3,0,0,0.00213548,0.000911325,2.34327
45910,PL,8,3,0,0,0.00242276,0.00114963,2.10744
45920,PL,5,3,0,0,0.00260314,0.00100592,2.58783
45930,PL,17,3,0,0,0.00231482,0.00168516,1.37365
45940,PL,4,3,0,0,0.00216348,0.00107936,2.00442
45950,PL,0,3,0,0,0.00215126,0.000881915,2.43931
45960,PL,1,3,10,3,0.00216713,0.00206343,1.05026
45970,PL,17,3,0,0,0.00235736,0.00167628,1.40631
45980,PL,7,3,0,0,0.00213439,0.00111663,1.91146
45990,PL,5,3,16,3,0.00222598,0.00250214,0.889629
46000,PL,13,3,0,0,0.00226057,0.00132728,1.70317
46010,PL,8,3,0,0,0.00220954,0.00102124,2.16359
46020,PL,9,3,0,0,0.00221621,0.00108646,2.03985
46030,PL,18,3,13,3,0.00246428,0.00236914,1.04016
46040,PL,0,3,0,0,0.00244862,0.000898365,2.72564
46050,PL,25,5,23,3,0.0024629,0.00363329,0.677872
46060,PL,31,3,30,3,0.00251796,0.00338593,0.743655
46070,PL,3,3,13,3,0.00246427,0.00214481,1.14895
46080,PL,16,3,0,0,0.00238472,0.00126102,1.89111
46090,PL,10,3,0,0,0.00221118,0.0012391,1.78451
46100,PL,11,3,10,3,0.0022559,0.0025372,0.889129
46110,PL,0,3,0,0,0.0021389,0.000866705,2.46785
46120,PL,3,3,0,0,0.00221824,0.00102035,2.17399
46130,PL,2,3,31,3,0.00256279,0.00297455,0.861575
46140,PL,5,3,0,0,0.00258193,0.00108891,2.37113
46150,PL,2,3,11,3,0.00226217,0.00236026,0.958441
46160,PL,5,3,0,0,0.00221323,0.000984165,2.24884
46170,PL,5,3,0,0,0.0021613,0.00115849,1.86562
46180,PL,2,3,14,3,0.00215179,0.00219381,0.980846
46190,PL,16,3,0,0,0.00243358,0.00129511,1.87906
46200,PL,14,3,0,0,0.00215874,0.0015005,1.43868
46210,PL,3,3,0,0,0.00213272,0.000882984,2.41536
46220,PL,2,3,0,0,0.00250667,0.000936744,2.67594
46230,PL,3,3,4,3,0.00217392,0.00230394,0.943566
46240,PL,27,3,0,0,0.00251349,0.00168572,1.49105
46250,PL,5,3,33,3,0.00248361,0.00271435,0.914992
46260,PL,5,3,0,0,0.0021794,0.00108521,2.00828
46270,PL,0,3,0,0,0.00213037,0.000913625,2.33178
46280,PL,3,3,0,0,0.0021382,0.000979546,2.18285
46290,PL,32,4,7,3,0.00230268,0.00292323,0.787719
46300,PL,5,3,0,0,0.00213436,0.00103822,2.0558
46310,PL,4,3,0,0,0.00216847,0.00106718,2.03197
46320,PL,8,3,0,0,0.00217175,0.00115521,1.87997
46330,PL,9,3,0,0,0.00218015,0.0012569,1.73455
46340,PL,6,3,26,3,0.00221619,0.00284754,0.778282
46350,PL,4,3,0,0,0.00218223,0.0010032,2.17528
46360,PL,16,3,0,0,0.00239874,0.00118313,2.02746
46370,PL,37,3,0,0,0.00270356,0.00187697,1.44039
46380,PL,19,3,23,4,0.00227525,0.00334892,0.6794
46390,PL,7,3,12,3,0.00215785,0.00271977,0.793393
46400,PL,15,3,36,5,0.00263886,0.00424863,0.621109
46410,PL,5,3,6,4,0.00217066,0.00252685,0.859038
46420,PL,8,3,0,0,0.0022204,0.0011915,1.86354
46430,PL,14,3,0,0,0.00256206,0.00136243,1.88051
46440,PL,9,3,0,0,0.00219665,0.00114615,1.91656
46450,PL,6,3,0,0,0.00214246,0.000968945,2.21113
46460,PL,19,3,25,3,0.0025604,0.00333644,0.767407
46470,PL,14,3,0,0,0.00230762,0.00115831,1.99224
46480,PL,20,4,29,4,0.00268506,0.00440665,0.60932
46490,PL,7,3,0,0,0.00222707,0.00136197,1.63519
46500,PL,0,3,0,0,0.00220389,0.000896964,2.45706
46510,PL,22,3,0,0,0.00230009,0.00132441,1.7367
46520,PL,4,3,0,0,0.00225362,0.00101701,2.21594
46530,PL,12,3,0,0,0.00237641,0.00136207,1.74471
46540,PL,33,3,17,3,0.00241769,0.00304271,0.794586
46550,PL,31,3,0,0,0.0025065,0.00184629,1.35759
46560,PL,28,3,7,3,0.00243441,0.00278047,0.875542
46570,PL,26,3,28,3,0.00232452,0.00339734,0.684219
46580,PL,10,3,15,3,0.00226371,0.00270478,0.836931
46590,PL,33,3,0,0,0.00275672,0.00184134,1.49713
46600,PL,0,3,0,0,0.00220479,0.000886675,2.48658
46610,PL,7,3,0,0,0.00220966,0.000953265,2.31799
46620,PL,15,3,0,0,0.00245501,0.00173494,1.41504
46630,PL,5,3,18,3,0.00220807,0.00306158,0.721221
46640,PL,5,3,0,0,0.00234543,0.00114993,2.03964
46650,PL,14,3,0,0,0.00220609,0.00133645,1.65071
46660,PL,16,3,0,0,0.00254111,0.00139295,1.82427
46670,PL,3,3,0,0,0.00216624,0.000965205,2.24433
46680,PL,20,3,0,0,0.0022173,0.00122854,1.80483
46690,PL,33,3,9,3,0.00252391,0.00310346,0.813259
46700,PL,36,3,0,0,0.00272343,0.00178443,1.52622
46710,PL,0,3,0,0,0.00218184,0.000888815,2.45478
46720,PL,10,3,23,3,0.00242452,0.00301767,0.803443
46730,PL,20,3,5,3,0.00266239,0.00270812,0.983114
46740,PL,23,3,16,4,0.00261975,0.0034345,0.762776
46750,PL,8,3,13,4,0.00224019,0.00317092,0.706481
46760,PL,17,3,27,5,0.00224349,0.0040752,0.550523
46770,PL,10,3,17,4,0.00223588,0.00367328,0.608688
46780,PL,6,3,0,0,0.00217286,0.0010835,2.00542
46790,PL,0,3,0,0,0.0021527,0.000890545,2.41729
46800,PL,1,3,0,0,0.00216496,0.000974855,2.2208
46810,PL,12,3,0,0,0.00220232,0.00134648,1.63562
46820,PL,31,4,0,0,0.0025042,0.00218571,1.14572
46830,PL,8,3,34,3,0.0023475,0.00295092,0.795517
46840,PL,47,3,0,0,0.00231501,0.0021353,1.08416
46850,PL,2,3,0,0,0.00258182,0.00102583,2.51682
46860,PL,8,3,0,0,0.00223619,0.00117171,1.90849
46870,PL,5,3,0,0,0.00220389,0.00100023,2.20337
46880,PL,9,3,0,0,0.002196,0.00128341,1.71107
46890,PL,31,3,0,0,0.00235702,0.00166951,1.41181
46900,PL,20,3,0,0,0.00225467,0.00129962,1.73487
46910,PL,13,3,17,3,0.00223162,0.0027581,0.809115
46920,PL,9,3,0,0,0.00225499,0.00106374,2.11988
46930,PL,22,3,0,0,0.00226282,0.00138433,1.6346
46940,PL,6,3,16,3,0.00220526,0.00255848,0.861941
46950,PL,8,3,14,3,0.00223902,0.00278744,0.803253
46960,PL,19,4,9,3,0.00222416,0.00264917,0.839571
46970,PL,21,3,49,4,0.00261805,0.00377222,0.694035
46980,PL,18,3,33,3,0.00272103,0.00338838,0.803046
46990,PL,0,3,0,0,0.00212815,0.000882865,2.41051
47000,PL,19,3,0,0,0.00251633,0.00194366,1.29464
47010,PL,19,3,10,3,0.00231693,0.0028716,0.806845
47020,PL,6,4,0,0,0.00215387,0.00146644,1.46878
47030,PL,17,3,20,3,0.00257367,0.00307715,0.836383
47040,PL,7,3,0,0,0.00258436,0.00108456,2.38288
47050,PL,17,3,0,0,0.00260716,0.00144334,1.80634
47060,PL,9,3,0,0,0.00257548,0.00140674,1.83082
47070,PL,11,3,6,3,0.00219687,0.00246469,0.891337
47080,PL,15,3,40,3,0.00260818,0.00324815,0.802976
47090,PL,23,4,0,0,0.00272108,0.00214002,1.27152
47100,PL,9,4,14,3,0.00228336,0.00295133,0.773673
47110,PL,0,3,0,0,0.00215133,0.000876895,2.45335
47120,PL,15,3,0,0,0.00261681,0.00124694,2.0986
47130,PL,14,3,0,0,0.00224326,0.00116067,1.93274
47140,PL,7,3,0,0,0.00224203,0.00112041,2.00109
47150,PL,2,3,0,0,0.00212253,0.00103429,2.05217
47160,PL,3,3,0,0,0.00231878,0.00106803,2.17107
47170,PL,1,3,0,0,0.00215187,0.000933395,2.30542
47180,PL,17,3,0,0,0.00246152,0.00137322,1.79252
47190,PL,5,3,0,0,0.00231748,0.00124605,1.85987
47200,PL,0,3,22,3,0.00235135,0.00286019,0.822095
47210,PL,30,3,5,3,0.00284034,0.00254976,1.11396
47220,PL,30,3,19,3,0.00249451,0.00320691,0.777857
47230,PL,32,4,18,3,0.00258569,0.0031321,0.825547
47240,PL,9,3,6,3,0.0021829,0.00232291,0.939726
47250,PL,16,3,0,0,0.0026096,0.00124056,2.10357
47260,PL,6,3,0,0,0.00221502,0.00109421,2.02432
47270,PL,54,3,0,0,0.0026764,0.00205234,1.30407
47280,PL,14,3,0,0,0.00226041,0.0013736,1.64562
47290,PL,2,3,0,0,0.00245079,0.00102903,2.38167
47300,PL,5,3,0,0,0.00223732,0.00117904,1.89759
47310,PL,32,3,17,3,0.00242715,0.00342833,0.70797
47320,PL,7,3,0,0,0.00221478,0.00107414,2.06192
47330,PL,2,3,7,4,0.00215305,0.00271298,0.79361
47340,PL,0,3,11,3,0.00213494,0.00224849,0.949499
47350,PL,5,3,21,4,0.00218911,0.00292701,0.747901
47360,PL,4,3,0,0,0.00219169,0.00101912,2.15058
47370,PL,21,3,28,3,0.00247963,0.00292495,0.847754
47380,PL,10,3,0,0,0.00230051,0.00125774,1.82909
47390,PL,8,3,0,0,0.00220526,0.00115235,1.91372
47400,PL,3,3,3,3,0.00239981,0.00203966,1.17657
47410,PL,7,3,0,0,0.00266684,0.00112696,2.36641
47420,PL,25,3,0,0,0.00232735,0.00156956,1.48281
47430,PL,5,3,35,5,0.00223867,0.0035054,0.638635
47440,PL,10,3,15,3,0.00228121,0.00256733,0.888553
47450,PL,9,3,0,0,0.00252984,0.00122449,2.06605
47460,PL,22,3,0,0,0.0025383,0.00198354,1.27968
47470,PL,62,5,10,3,0.0024851,0.00356917,0.696269
47480,PL,2,3,0,0,0.0022084,0.000938635,2.35278
47490,PL,16,3,28,3,0.00236409,0.00312658,0.756128
47500,PL,19,3,25,3,0.00227189,0.0035462,0.640655
47510,PL,18,3,0,0,0.00258675,0.0016128,1.60389
47520,PL,5,3,0,0,0.0025037,0.00120473,2.07823
47530,PL,37,4,27,4,0.00267044,0.00369351,0.723008
47540,PL,23,3,0,0,0.00231887,0.00124375,1.86443
47550,PL,5,3,33,5,0.00226318,0.00392185,0.57707
47560,PL,18,4,7,3,0.00235717,0.0028581,0.824733
47570,PL,6,3,0,0,0.00224905,0.00106689,2.10805
47580,PL,6,3,0,0,0.00217661,0.00113734,1.91378
47590,PL,23,4,0,0,0.00251646,0.00199588,1.26083
47600,PL,12,3,20,4,0.00220467,0.00295389,0.746361
47610,PL,15,3,18,3,0.00220583,0.00296816,0.743166
47620,PL,12,3,0,0,0.00219921,0.00121496,1.81012
47630,PL,12,3,0,0,0.00222467,0.0013301,1.67256
47640,PL,12,3,14,4,0.00216243,0.00308212,0.701606
47650,PL,34,4,0,0,0.0024197,0.00210373,1.1502
47660,PL,2,3,36,5,0.00227327,0.00390714,0.581825
47670,PL,6,3,0,0,0.00215181,0.00101803,2.11371
47680,PL,4,3,0,0,0.00250252,0.00104636,2.39166
47690,PL,3,3,0,0,0.00264525,0.000980146,2.69884
47700,PL,1,3,12,3,0.00221236,0.00219749,1.00677
47710,PL,24,3,18,4,0.00236146,0.00295301,0.799679
47720,PL,25,3,0,0,0.00260298,0.00173061,1.50409
47730,PL,26,3,0,0,0.00228025,0.00130275,1.75034
47740,PL,11,3,14,4,0.00221059,0.00310213,0.712605
47750,PL,10,3,0,0,0.00216794,0.00107686,2.01321
47760,PL,0,3,0,0,0.00212193,0.000885064,2.39749
47770,PL,8,3,0,0,0.00217504,0.00113724,1.91257
47780,PL,19,3,13,3,0.00237335,0.0031752,0.747466
47790,PL,0,3,0,0,0.00217907,0.000875374,2.4893
47800,PL,13,3,13,3,0.00221949,0.00278592,0.79668
47810,PL,15,3,9,3,0.00222193,0.00252392,0.880348
47820,PL,17,3,14,3,0.00221152,0.00236972,0.933241
47830,PL,10,4,16,3,0.00214385,0.00241993,0.885914
47840,PL,17,3,0,0,0.00225419,0.00130888,1.72223
47850,PL,49,4,0,0,0.00248461,0.00191911,1.29467
47860,PL,16,3,15,3,0.00218725,0.00221379,0.988012
47870,PL,15,3,14,3,0.00222996,0.00275586,0.80917
47880,PL,10,3,24,3,0.00227108,0.00262372,0.865596
47890,PL,34,4,8,3,0.00225435,0.00321808,0.700528
47900,PL,9,3,28,4,0.00221824,0.00269367,0.8235
47910,PL,0,3,0,0,0.00211347,0.000870734,2.42723
47920,PL,5,3,21,3,0.00217799,0.00228996,0.951104
47930,PL,21,3,0,0,0.002177,0.00140183,1.55297
47940,PL,10,3,9,4,0.00215543,0.00256887,0.839057
47950,PL,16,3,12,3,0.00218746,0.0023705,0.922784
47960,PL,7,3,0,0,0.00224036,0.00120419,1.86048
47970,PL,0,3,3,3,0.00210246,0.00184375,1.14032
47980,PL,7,3,0,0,0.0022293,0.00116817,1.90838
47990,PL,33,3,0,0,0.00244182,0.00178826,1.36547
48000,PL,12,3,0,0,0.00215695,0.00119069,1.81152
48010,PL,12,3,6,3,0.00246616,0.00215009,1.147
48020,PL,11,3,0,0,0.00217834,0.0014119,1.54285
48030,PL,10,3,0,0,0.0021729,0.00124797,1.74115
48040,PL,32,3,0,0,0.00258437,0.00166965,1.54785
48050,PL,6,3,0,0,0.00222747,0.0011889,1.87356
48060,PL,11,3,10,3,0.00220207,0.00288966,0.762051
48070,PL,26,3,0,0,0.00270219,0.00146047,1.85022
48080,PL,16,3,0,0,0.0022337,0.00131412,1.69977
48090,PL,5,3,0,0,0.00217662,0.00129005,1.68724
48100,PL,0,3,0,0,0.00209903,0.000943795,2.22403
48110,PL,6,3,15,3,0.00243225,0.0027373,0.88856
48120,PL,17,3,0,0,0.00254667,0.00125379,2.03119
48130,PL,4,3,20,4,0.00219865,0.0028296,0.777017
48140,PL,22,3,33,3,0.00253226,0.00322528,0.785131
48150,PL,12,3,0,0,0.00236199,0.00109046,2.16606
48160,PL,13,3,19,3,0.00226831,0.0028556,0.794339
48170,PL,5,3,0,0,0.00215325,0.00118352,1.81937
48180,PL,11,3,12,4,0.00222984,0.00251335,0.887198
48190,PL,19,3,18,3,0.0024571,0.00311117,0.789769
48200,PL,5,3,0,0,0.00214274,0.00113303,1.89116
48210,PL,5,3,5,3,0.00220784,0.0026959,0.818962
48220,PL,4,3,0,0,0.00251817,0.0010616,2.37207
48230,PL,12,3,21,3,0.00243513,0.00323748,0.75217
48240,PL,3,3,16,3,0.00251298,0.00227069,1.1067
48250,PL,16,3,15,3,0.00223962,0.00256643,0.872659
48260,PL,4,3,22,4,0.00218936,0.0033546,0.652645
48270,PL,20,3,0,0,0.00228605,0.00174367,1.31106
48280,PL,15,3,0,0,0.00251088,0.00115987,2.1648
48290,PL,12,3,0,0,0.0022197,0.00110875,2.00199
48300,PL,20,4,0,0,0.00225861,0.00170376,1.32566
48310,PL,13,3,20,3,0.0022389,0.00296932,0.754012
48320,PL,25,3,16,4,0.00236904,0.00309541,0.765341
48330,PL,9,3,0,0,0.00259817,0.00123152,2.10974
48340,PL,8,3,10,3,0.00218549,0.00246714,0.885839
48350,PL,10,3,17,3,0.00219153,0.00257431,0.851307
48360,PL,0,3,0,0,0.00214607,0.000898095,2.38958
48370,PL,2,3,0,0,0.00217392,0.000913715,2.37921
48380,PL,27,4,27,3,0.00226718,0.00351986,0.644112
48390,PL,12,4,0,0,0.00222215,0.00161832,1.37312
48400,PL,1,3,0,0,0.00217163,0.000911045,2.38367
48410,PL,5,3,22,3,0.00223294,0.00244006,0.915117
48420,PL,0,3,0,0,0.00212899,0.000931695,2.28507
48430,PL,3,3,9,3,0.00215873,0.00222341,0.97091
48440,PL,14,4,0,0,0.00234251,0.00158527,1.47768
48450,PL,28,3,0,0,0.00240288,0.00143971,1.66901
48460,PL,5,3,0,0,0.00218768,0.00110842,1.9737
48470,PL,7,3,0,0,0.00218275,0.00100225,2.17786
48480,PL,9,3,28,3,0.00228368,0.00292082,0.781864
48490,PL,0,3,0,0,0.00217115,0.000881265,2.46368
48500,PL,4,3,15,3,0.00213807,0.00276928,0.772066
48510,PL,11,3,0,0,0.00223901,0.00111594,2.0064
48520,PL,23,4,20,4,0.00234417,0.00345392,0.678699
48530,PL,18,3,0,0,0.00246862,0.00166451,1.48309
48540,PL,0,3,0,0,0.00216354,0.000879464,2.46007
48550,PL,5,3,0,0,0.00218298,0.000944325,2.31169
48560,PL,2,3,0,0,0.00223847,0.000958025,2.33655
48570,PL,11,3,0,0,0.00241871,0.00129506,1.86765
48580,PL,7,3,25,4,0.00225487,0.00345107,0.653384
48590,PL,3,3,0,0,0.0021795,0.000975685,2.23382
48600,PL,7,3,18,3,0.00222588,0.00297879,0.747245
48610,PL,7,3,6,3,0.00221292,0.00250501,0.883397
48620,PL,5,3,0,0,0.00214591,0.00102375,2.09614
48630,PL,10,3,0,0,0.00219878,0.00135492,1.62281
48640,PL,3,3,0,0,0.00218285,0.00106415,2.05127
48650,PL,2,3,20,4,0.00217915,0.00261459,0.833457
48660,PL,3,3,0,0,0.00248007,0.00106741,2.32346
48670,PL,25,5,19,3,0.00255774,0.00369895,0.691478
48680,PL,6,3,0,0,0.00224309,0.0011356,1.97526
48690,PL,4,3,0,0,0.00213976,0.000911615,2.34722
48700,PL,19,3,7,3,0.00221935,0.00278649,0.796467
48710,PL,1,3,21,3,0.00216658,0.00267382,0.810293
48720,PL,5,3,0,0,0.00252747,0.00126565,1.99698
48730,PL,5,3,0,0,0.00218439,0.00122122,1.7887
48740,PL,22,3,0,0,0.00259363,0.00163583,1.58552
48750,PL,3,3,0,0,0.00220162,0.000943005,2.33469
48760,PL,7,3,18,3,0.00220601,0.00238455,0.925126
48770,PL,25,3,35,3,0.00247626,0.00370393,0.66855
48780,PL,1,3,9,3,0.00216274,0.00225501,0.959081
48790,PL,5,3,8,3,0.00228974,0.00208338,1.09905
48800,PL,2,3,11,3,0.00218144,0.00223783,0.974802
48810,PL,11,3,0,0,0.00225841,0.00105983,2.13093
48820,PL,10,3,15,3,0.00226204,0.00259749,0.870856
48830,PL,12,3,0,0,0.0022252,0.00124224,1.79129
48840,PL,27,3,30,4,0.00230147,0.00362678,0.634578
48850,PL,46,4,0,0,0.00255327,0.0023342,1.09385
48860,PL,10,3,13,3,0.00236177,0.00269578,0.876099
48870,PL,15,4,16,4,0.00223576,0.00356348,0.62741
48880,PL,16,3,25,3,0.00257663,0.00312542,0.824413
48890,PL,10,3,0,0,0.00222528,0.00103463,2.15079
48900,PL,28,3,0,0,0.00241361,0.0015296,1.57794
48910,PL,19,3,17,4,0.00231323,0.00328871,0.703387
48920,PL,35,3,15,3,0.00249886,0.00339363,0.73634
48930,PL,28,5,2,3,0.00242081,0.00319129,0.758569
48940,PL,8,3,18,3,0.00221424,0.00252607,0.876555
48950,PL,1,3,15,3,0.00225401,0.00205448,1.09712
48960,PL,21,3,14,3,0.00236408,0.00315672,0.748905
48970,PL,25,3,33,4,0.00222219,0.00348416,0.637798
48980,PL,6,3,0,0,0.00217274,0.00106878,2.03292
48990,PL,8,3,24,3,0.0022227,0.002961,0.75066
49000,PL,7,3,18,3,0.00224036,0.00243439,0.920296
49010,PL,12,3,17,4,0.00230127,0.00287548,0.800307
49020,PL,3,3,0,0,0.00256534,0.000920965,2.7855
49030,PL,1,3,0,0,0.00218665,0.000941306,2.323
49040,PL,18,3,24,5,0.00232616,0.00368972,0.630444
49050,PL,16,3,8,3,0.0022323,0.00265222,0.841672
49060,PL,10,3,0,0,0.00225784,0.00139623,1.6171
49070,PL,8,3,0,0,0.00218674,0.00118897,1.8392
49080,PL,18,3,0,0,0.00240023,0.00141894,1.69157
49090,PL,26,4,11,3,0.00227528,0.00273752,0.831149
49100,PL,23,3,0,0,0.00238158,0.00163581,1.45591
49110,PL,20,3,10,3,0.00273498,0.00218311,1.25279
49120,PL,22,3,0,0,0.00260056,0.00152571,1.7045
49130,PL,20,3,0,0,0.00260123,0.00144093,1.80525
49140,PL,11,3,10,4,0.00223824,0.00282297,0.792869
49150,PL,17,3,0,0,0.00275523,0.00128069,2.15137
49160,PL,17,3,0,0,0.00229944,0.001306,1.76068
49170,PL,33,3,0,0,0.00246961,0.00166641,1.482
49180,PL,5,3,19,4,0.00225975,0.00302734,0.746449
49190,PL,3,3,7,3,0.00223318,0.00247998,0.900483
49200,PL,4,3,0,0,0.0022294,0.000992075,2.24721
49210,PL,25,3,20,3,0.00270357,0.00349232,0.774148
49220,PL,28,3,19,3,0.00260151,0.00325557,0.799097
49230,PL,3,3,0,0,0.00222638,0.00109921,2.02543
49240,PL,24,5,0,0,0.00221019,0.00183637,1.20357
49250,PL,20,3,0,0,0.00269788,0.0013277,2.032
49260,PL,40,3,0,0,0.002582,0.00169947,1.5193
49270,PL,26,3,4,3,0.00252016,0.00280602,0.898129
49280,PL,24,3,6,3,0.0026491,0.00285337,0.928414
49290,PL,6,3,0,0,0.00235117,0.00119172,1.97293
49300,PL,26,3,0,0,0.00224893,0.00143776,1.56419
49310,PL,2,3,13,3,0.00259913,0.0023293,1.11584
49320,PL,7,3,4,3,0.00250434,0.00207997,1.20403
49330,PL,19,3,13,3,0.00247147,0.00274873,0.899131
49340,PL,23,3,23,5,0.00258247,0.00371522,0.695107
49350,PL,8,3,0,0,0.00224424,0.00124865,1.79734
49360,PL,0,3,4,3,0.00215527,0.0019808,1.08808
49370,PL,28,3,0,0,0.00259895,0.00178461,1.45631
49380,PL,31,3,0,0,0.00249155,0.00217933,1.14327
49390,PL,7,3,0,0,0.00222989,0.00126234,1.76648
49400,PL,3,3,4,3,0.00218311,0.00244577,0.892606
49410,PL,7,3,13,3,0.0022183,0.00245071,0.905166
49420,PL,16,3,0,0,0.00222765,0.00145754,1.52837
49430,PL,3,3,0,0,0.00213334,0.000952975,2.23861
49440,PL,0,3,0,0,0.00214766,0.000868225,2.47362
49450,PL,0,3,0,0,0.00214023,0.000911335,2.34846
49460,PL,11,3,0,0,0.00231395,0.00106724,2.16817
49470,PL,3,3,0,0,0.00218063,0.000925275,2.35674
49480,PL,42,4,0,0,0.00267548,0.00231532,1.15555
49490,PL,29,4,14,3,0.00259184,0.00275803,0.939746
49500,PL,13,3,6,3,0.00222961,0.00216566,1.02953
49510,PL,19,3,0,0,0.00258131,0.00170195,1.51668
49520,PL,16,3,12,3,0.0022107,0.00272194,0.81218
49530,PL,13,3,7,3,0.0023011,0.00272516,0.84439
49540,PL,4,3,20,3,0.00223196,0.00227579,0.980741
49550,PL,13,3,0,0,0.00229686,0.00143458,1.60107
49560,PL,6,3,0,0,0.00223468,0.00110494,2.02244
49570,PL,8,3,9,3,0.00226497,0.00278169,0.814242
49580,PL,7,3,0,0,0.00230607,0.00120204,1.91847
49590,PL,4,3,9,3,0.00219781,0.00194365,1.13076
49600,PL,15,3,0,0,0.00246364,0.00135244,1.82163
49610,PL,2,3,0,0,0.00219849,0.000909405,2.41751
49620,PL,12,3,0,0,0.00260659,0.0013951,1.8684
49630,PL,12,3,0,0,0.0022261,0.00115829,1.92189
49640,PL,18,3,0,0,0.00222774,0.00162571,1.37032
49650,PL,15,3,20,4,0.00220646,0.00302892,0.728466
49660,PL,20,4,13,3,0.00240959,0.00337115,0.714769
49670,PL,25,3,0,0,0.00239498,0.00143483,1.66918
49680,PL,1,3,0,0,0.00217834,0.000889225,2.44971
49690,PL,14,3,16,4,0.00241761,0.00276032,0.875847
49700,PL,14,3,0,0,0.00244446,0.00124114,1.96954
49710,PL,5,3,0,0,0.00220725,0.00106656,2.06951
49720,PL,6,3,0,0,0.00220753,0.00109388,2.01808
49730,PL,6,3,0,0,0.00230492,0.00116034,1.98643
49740,PL,16,3,0,0,0.00248372,0.00129027,1.92497
49750,PL,0,3,0,0,0.0021693,0.000896585,2.41952
49760,PL,2,3,0,0,0.00222162,0.000937715,2.36919
49770,PL,10,3,23,4,0.0022489,0.00332301,0.676767
49780,PL,6,3,0,0,0.00219628,0.00104869,2.09432
49790,PL,12,3,0,0,0.00249618,0.00130693,1.90996
49800,PL,0,3,21,3,0.00225094,0.00255613,0.880604
49810,PL,26,3,0,0,0.00260787,0.00166586,1.56548
49820,PL,27,3,13,3,0.00233837,0.0029297,0.798162
49830,PL,8,3,0,0,0.00217071,0.00102705,2.11355
49840,PL,2,3,0,0,0.00219331,0.000903205,2.42837
49850,PL,7,3,0,0,0.00229548,0.00103885,2.20965
49860,PL,16,3,0,0,0.00237517,0.00167284,1.41984
49870,PL,31,3,13,3,0.00234196,0.00330359,0.708915
49880,PL,15,3,0,0,0.00226339,0.00105109,2.15338
49890,PL,24,3,0,0,0.0025658,0.00185321,1.38452
49900,PL,11,3,0,0,0.00225369,0.00127473,1.76798
49910,PL,8,3,0,0,0.00260935,0.00129361,2.01711
49920,PL,4,3,17,3,0.00223605,0.00331424,0.674681
49930,PL,38,4,30,4,0.00249892,0.00430475,0.580503
49940,PL,10,3,0,0,0.0022769,0.00107832,2.11154
49950,PL,10,3,14,5,0.00227927,0.00330131,0.690415
49960,PL,30,4,13,5,0.00239748,0.00350667,0.683692
49970,PL,9,3,0,0,0.00228822,0.00126228,1.81277
49980,PL,8,3,19,3,0.00222609,0.00266124,0.836488
49990,PL,8,3,0,0,0.0022571,0.00116778,1.93282
50000,PL,31,5,0,0,0.00261613,0.00180302,1.45097
50010,PL,6,3,11,3,0.00219557,0.00326968,0.671495
50020,PL,14,3,5,3,0.00229813,0.00259548,0.885435
50030,PL,4,3,0,0,0.00215697,0.00105682,2.04101
50040,PL,4,3,0,0,0.00224945,0.000988996,2.27448
50050,PL,3,3,0,0,0.00219097,0.00108803,2.01371
50060,PL,3,3,0,0,0.00226774,0.000907284,2.49949
50070,PL,10,3,12,3,0.00231484,0.00281387,0.822653
50080,PL,20,3,16,3,0.00244223,0.00282039,0.865922
50090,PL,1,3,26,4,0.0022156,0.0030016,0.738141
50100,PL,1,3,0,0,0.00213734,0.000886855,2.41002
50110,PL,4,3,0,0,0.00216701,0.000954855,2.26947
50120,PL,6,3,0,0,0.00219482,0.00128089,1.71352
50130,PL,11,3,13,3,0.00218962,0.00268945,0.814151
50140,PL,24,3,0,0,0.00231331,0.00140211,1.64988
50150,PL,0,3,0,0,0.00257655,0.000883434,2.91652
50160,PL,4,3,0,0,0.00225847,0.000928155,2.43329
50170,PL,8,3,12,3,0.00219896,0.00234007,0.939698
50180,PL,0,3,0,0,0.00218419,0.000897254,2.43431
50190,PL,11,3,13,4,0.00224269,0.00298409,0.751551
50200,PL,17,3,0,0,0.00224758,0.00132306,1.69878
50210,PL,3,3,33,4,0.00217899,0.00288787,0.754531
50220,PL,18,3,18,3,0.0022013,0.00287486,0.765706
50230,PL,8,3,22,3,0.00243982,0.00284417,0.857834
50240,PL,0,3,0,0,0.00213661,0.000867465,2.46305
50250,PL,14,3,0,0,0.00257018,0.00130998,1.96201
50260,PL,4,3,0,0,0.00215515,0.00115433,1.86702
50270,PL,7,3,15,3,0.00219096,0.00270006,0.811448
50280,PL,0,3,0,0,0.00367913,0.000882045,4.17114
50290,PL,30,3,0,0,0.00260064,0.00166893,1.55827
50300,PL,28,3,30,4,0.00226943,0.00395215,0.574227
50310,PL,47,4,8,3,0.00265706,0.00350896,0.75722
50320,PL,6,3,0,0,0.00212998,0.00106201,2.00562
50330,PL,37,4,12,3,0.00258472,0.00368253,0.701888
50340,PL,10,3,15,3,0.00224338,0.00275419,0.814535
50350,PL,5,3,13,3,0.00218152,0.00240003,0.908955
50360,PL,10,3,0,0,0.00227498,0.00121034,1.87963
50370,PL,10,3,29,3,0.00221522,0.00236178,0.937945
50380,PL,27,3,0,0,0.00249483,0.00171941,1.45098
50390,PL,14,3,5,3,0.00227638,0.00250668,0.908125
50400,PL,19,3,8,3,0.00229164,0.00286597,0.799606
50410,PL,12,3,17,4,0.00222007,0.00320836,0.691965
50420,PL,9,3,21,4,0.0022101,0.00305511,0.723412
50430,PL,7,3,12,3,0.00224185,0.00267507,0.838052
50440,PL,19,3,17,4,0.00226807,0.00301459,0.752366
50450,PL,16,3,0,0,0.00223915,0.00114838,1.94984
50460,PL,8,3,0,0,0.00217325,0.00127252,1.70784
50470,PL,33,3,9,3,0.00276814,0.00305115,0.907244
50480,PL,7,3,0,0,0.00245593,0.00105437,2.3293
50490,PL,8,3,0,0,0.0022254,0.00102543,2.17022
50500,PL,0,3,6,3,0.00215935,0.0020278,1.06487
50510,PL,18,3,0,0,0.00226403,0.00127759,1.77212
50520,PL,21,4,0,0,0.00287547,0.00176043,1.63339
50530,PL,1,3,0,0,0.00212973,0.000894384,2.38123
50540,PL,10,3,14,3,0.00219677,0.00257818,0.852061
50550,PL,4,3,0,0,0.00231707,0.00111397,2.08002
50560,PL,7,3,0,0,0.00216739,0.00103413,2.09587
50570,PL,8,3,0,0,0.00220162,0.00124368,1.77025
50580,PL,9,3,21,4,0.00236875,0.00295207,0.802405
50590,PL,14,3,0,0,0.00215628,0.00154771,1.39321
50600,PL,0,3,0,0,0.00223814,0.000914535,2.4473
50610,PL,6,3,16,3,0.00236866,0.00301655,0.785223
50620,PL,0,3,0,0,0.00217464,0.000898195,2.42112
50630,PL,9,3,0,0,0.00224435,0.00117954,1.90274
50640,PL,28,3,11,4,0.00269786,0.00341954,0.788956
50650,PL,8,3,0,0,0.00227718,0.00128996,1.76532
50660,PL,3,3,0,0,0.00215541,0.00100256,2.14992
50670,PL,15,3,7,3,0.00226188,0.00249217,0.907594
50680,PL,2,3,17,4,0.00248514,0.00306312,0.811312
50690,PL,7,3,25,3,0.00224013,0.00300042,0.746607
50700,PL,14,3,0,0,0.00225834,0.00118552,1.90494
50710,PL,18,3,0,0,0.00233436,0.00163037,1.4318
50720,PL,8,3,16,3,0.00231212,0.00287391,0.804522
50730,PL,38,4,23,3,0.00300355,0.00390571,0.769014
50740,PL,15,3,0,0,0.00234763,0.00156277,1.50223
50750,PL,6,3,0,0,0.00225695,0.00115157,1.9599
50760,PL,4,3,0,0,0.00221529,0.000989766,2.2382
50770,PL,30,3,16,5,0.00284219,0.0039554,0.718558
50780,PL,10,3,0,0,0.00220025,0.00120267,1.82948
50790,PL,12,3,0,0,0.00218985,0.00118388,1.84973
50800,PL,22,4,8,3,0.0023103,0.00259205,0.891302
50810,PL,4,3,0,0,0.00225042,0.000976246,2.30518
50820,PL,0,3,13,3,0.00213636,0.00238594,0.895395
50830,PL,36,3,15,3,0.00258254,0.00300936,0.858172
50840,PL,17,3,21,4,0.00228148,0.00355449,0.641859
50850,PL,15,5,6,3,0.00226902,0.00278789,0.813886
50860,PL,20,3,23,3,0.00225365,0.00305211,0.738392
50870,PL,8,3,0,0,0.00225251,0.00120838,1.86408
50880,PL,28,3,0,0,0.00240473,0.0015653,1.53628
50890,PL,4,3,0,0,0.00221305,0.00109387,2.02315
50900,PL,4,3,0,0,0.0022838,0.00101466,2.25082
50910,PL,17,3,32,4,0.00257113,0.00367469,0.699687
50920,PL,5,3,26,4,0.00225715,0.00356416,0.633292
50930,PL,9,3,3,3,0.00217969,0.00235525,0.92546
50940,PL,5,3,19,4,0.00225243,0.00348811,0.645746
50950,PL,18,3,0,0,0.00226326,0.00144786,1.56318
50960,PL,11,3,0,0,0.00222565,0.001442,1.54345
50970,PL,5,3,0,0,0.00219154,0.00104315,2.1009
50980,PL,9,3,0,0,0.00223795,0.00117845,1.89907
50990,PL,3,3,0,0,0.00241526,0.00104926,2.30188
51000,PL,8,3,0,0,0.00223037,0.00106263,2.09892
51010,PL,14,3,0,0,0.00223013,0.00119772,1.86199
51020,PL,20,3,0,0,0.00254638,0.00137881,1.8468
51030,PL,12,4,0,0,0.00219463,0.00177932,1.23341
51040,PL,10,3,5,3,0.00228974,0.00230686,0.992579
51050,PL,30,3,16,3,0.00241864,0.00269706,0.896772
51060,PL,32,3,0,0,0.00252964,0.00171887,1.47169
51070,PL,54,4,40,7,0.00251476,0.00497823,0.505153
51080,PL,28,4,38,5,0.00250366,0.0043116,0.580681
51090,PL,16,3,48,3,0.00253223,0.00311539,0.812815
51100,PL,23,3,16,3,0.00261954,0.00317621,0.82474
51110,PL,14,3,0,0,0.00236089,0.00128616,1.83562
51120,PL,3,3,0,0,0.00218706,0.000925255,2.36374
51130,PL,0,3,0,0,0.00214459,0.000890675,2.40783
51140,PL,46,4,23,3,0.00271938,0.00398987,0.681572
51150,PL,0,3,0,0,0.00217991,0.000941355,2.31572
51160,PL,8,3,0,0,0.00219761,0.000997945,2.20214
51170,PL,27,3,0,0,0.00258681,0.00182513,1.41733
51180,PL,17,3,25,3,0.00250245,0.00298312,0.838873
51190,PL,17,3,0,0,0.00233615,0.00145278,1.60806
51200,PL,33,3,31,4,0.00258306,0.00351458,0.734957
51210,PL,12,3,0,0,0.00226348,0.00109407,2.06887
51220,PL,16,3,19,3,0.00226363,0.00321456,0.704182
51230,PL,37,5,0,0,0.00232642,0.00222229,1.04686
51240,PL,39,3,0,0,0.00263543,0.00143384,1.83803
51250,PL,1,3,14,3,0.00225662,0.0025399,0.888467
51260,PL,7,3,7,3,0.00226343,0.00204851,1.10492
51270,PL,13,3,25,4,0.00237551,0.00297693,0.797975
51280,PL,15,3,10,3,0.0021956,0.00272651,0.805281
51290,PL,8,3,0,0,0.00220442,0.000950605,2.31897
51300,PL,12,3,19,4,0.00227223,0.00275741,0.824047
51310,PL,4,3,0,0,0.00249892,0.00104707,2.3866
51320,PL,5,3,0,0,0.0021365,0.00102449,2.08544
51330,PL,20,3,0,0,0.00258785,0.00125945,2.05475
51340,PL,0,3,0,0,0.00212724,0.000884675,2.40455
51350,PL,41,3,0,0,0.00240785,0.00174026,1.38362
51360,PL,14,3,0,0,0.00219296,0.00103892,2.11082
51370,PL,26,3,0,0,0.00250544,0.00188877,1.32649
51380,PL,40,3,0,0,0.00244017,0.00203837,1.19712
51390,PL,11,3,0,0,0.00216771,0.00123258,1.75868
51400,PL,0,3,0,0,0.00212153,0.000882045,2.40524
51410,PL,24,3,0,0,0.00274309,0.00145958,1.87937
51420,PL,0,3,0,0,0.00244048,0.000905025,2.69659
51430,PL,5,3,0,0,0.00220562,0.00104434,2.11199
51440,PL,16,3,0,0,0.00224006,0.0016998,1.31784
51450,PL,9,3,7,3,0.00218074,0.00255149,0.854692
51460,PL,25,3,8,3,0.00231809,0.00257374,0.90067
51470,PL,26,4,4,3,0.00221314,0.00282927,0.782232
51480,PL,13,3,0,0,0.0022533,0.00157265,1.43281
51490,PL,9,3,0,0,0.00220428,0.00110536,1.99418
51500,PL,4,3,0,0,0.00218946,0.00122325,1.78988
51510,PL,6,3,7,3,0.00222217,0.00212363,1.0464
51520,PL,7,3,10,3,0.00224458,0.00244752,0.917083
51530,PL,5,3,0,0,0.00220493,0.00113134,1.94896
51540,PL,4,3,17,4,0.00219403,0.00271656,0.80765
51550,PL,18,3,0,0,0.00227541,0.00152411,1.49295
51560,PL,0,3,7,3,0.00215282,0.00220074,0.978226
51570,PL,21,3,7,3,0.00229739,0.00273412,0.840267
51580,PL,3,3,0,0,0.00216956,0.000978685,2.21681
51590,PL,18,3,19,4,0.00262127,0.00281669,0.930623
51600,PL,0,3,0,0,0.00215204,0.000901675,2.38672
51610,PL,13,3,13,3,0.00226571,0.0030737,0.73713
51620,PL,0,3,0,0,0.00213018,0.000871255,2.44496
51630,PL,35,3,0,0,0.00250479,0.00172662,1.45069
51640,PL,9,3,38,3,0.00222105,0.00323785,0.685966
51650,PL,16,3,19,3,0.00222542,0.00262089,0.849108
51660,PL,30,3,0,0,0.00252862,0.00153743,1.64471
51670,PL,4,3,7,3,0.00220111,0.00204386,1.07694
51680,PL,12,3,0,0,0.00217304,0.00152393,1.42595
51690,PL,9,3,0,0,0.00224398,0.000985195,2.2777
51700,PL,10,3,0,0,0.00218252,0.00107862,2.02345
51710,PL,4,3,17,4,0.00208611,0.00264451,0.788847
51720,PL,4,3,0,0,0.00252861,0.000979395,2.58181
51730,PL,3,3,0,0,0.0021513,0.000981005,2.19296
51740,PL,49,3,0,0,0.00244768,0.00183219,1.33593
51750,PL,13,3,0,0,0.00221209,0.00104242,2.12208
51760,PL,10,3,0,0,0.00213333,0.00115257,1.85094
51770,PL,9,3,35,6,0.00216515,0.00332605,0.650968
51780,PL,4,3,20,3,0.00242936,0.00229149,1.06017
51790,PL,46,3,0,0,0.00261609,0.00194705,1.34362
51800,PL,3,3,17,3,0.00219076,0.0022445,0.976057
51810,PL,13,3,13,4,0.00223959,0.00293182,0.763892
51820,PL,3,3,15,3,0.00216831,0.00236599,0.916449
51830,PL,5,3,0,0,0.00217366,0.00101497,2.14161
51840,PL,3,3,0,0,0.00225864,0.00118946,1.89888
51850,PL,4,3,28,4,0.00226021,0.00290343,0.778464
51860,PL,8,3,0,0,0.0024105,0.001008,2.39138
51870,PL,0,3,0,0,0.00214984,0.000941955,2.28232
51880,PL,11,3,26,3,0.00218618,0.00274116,0.797538
51890,PL,8,3,0,0,0.00225339,0.00128352,1.75564
51900,PL,21,3,0,0,0.00242157,0.0018906,1.28085
51910,PL,7,3,0,0,0.00218511,0.00120541,1.81276
51920,PL,13,3,0,0,0.00222028,0.00133114,1.66796
51930,PL,9,3,0,0,0.00229399,0.00131909,1.73908
51940,PL,16,4,26,4,0.00222336,0.00351383,0.632746
51950,PL,8,3,31,4,0.00226639,0.00297055,0.762955
51960,PL,3,3,21,3,0.00225594,0.00267114,0.84456
51970,PL,0,3,0,0,0.00214032,0.000877665,2.43865
51980,PL,3,3,16,3,0.00214696,0.00224752,0.955257
51990,PL,27,4,0,0,0.00263986,0.00172949,1.52638
52000,PL,0,3,0,0,0.00213601,0.000891785,2.39521
52010,PL,7,3,0,0,0.00221229,0.00100869,2.19324
52020,PL,0,3,0,0,0.00216319,0.000874225,2.47441
52030,PL,4,3,15,3,0.00219808,0.00233986,0.939407
52040,PL,5,3,18,4,0.00210283,0.002914,0.72163
52050,PL,6,3,0,0,0.00252031,0.00105226,2.39513
52060,PL,4,3,13,3,0.0022444,0.00241549,0.929169
52070,PL,21,5,49,4,0.00217601,0.00436013,0.49907
52080,PL,45,3,0,0,0.00263464,0.00171461,1.53659
52090,PL,2,3,7,3,0.00211691,0.00238096,0.889099
52100,PL,11,3,22,4,0.0021968,0.00316291,0.694551
52110,PL,0,3,0,0,0.00213812,0.000927296,2.30576
52120,PL,17,4,11,3,0.00226344,0.00293859,0.770249
52130,PL,9,4,0,0,0.00219256,0.00133972,1.63659
52140,PL,5,3,0,0,0.00228629,0.000950565,2.40519
52150,PL,22,3,13,3,0.00253407,0.00298946,0.84767
52160,PL,10,3,25,3,0.00227522,0.0029274,0.777217
52170,PL,8,3,5,3,0.00222179,0.00225946,0.983328
52180,PL,22,3,11,3,0.00244023,0.00225575,1.08178
52190,PL,24,3,0,0,0.00235598,0.00186322,1.26447
52200,PL,9,3,0,0,0.00221728,0.00135052,1.6418
52210,PL,6,3,0,0,0.00220586,0.00124037,1.77839
52220,PL,11,3,0,0,0.00220403,0.00104076,2.11772
52230,PL,9,3,0,0,0.00214306,0.00122194,1.75382
52240,PL,0,3,0,0,0.00212131,0.000914805,2.31887
52250,PL,26,3,0,0,0.00249351,0.00163656,1.52363
52260,PL,7,3,7,3,0.00227147,0.00215458,1.05425
52270,PL,8,3,0,0,0.00220968,0.00105281,2.09885
52280,PL,5,3,0,0,0.00219146,0.00104587,2.09536
52290,PL,0,3,0,0,0.00211929,0.000882025,2.40276
52300,PL,8,3,10,3,0.00216192,0.0024099,0.897099
52310,PL,24,3,5,3,0.00229146,0.00281788,0.813188
52320,PL,17,3,0,0,0.00240975,0.0014736,1.63529
52330,PL,7,3,0,0,0.00224774,0.00115068,1.95341
52340,PL,15,3,0,0,0.00228964,0.00149301,1.53358
52350,PL,15,3,0,0,0.00222188,0.00132782,1.67333
52360,PL,15,3,0,0,0.00244718,0.00130835,1.87044
52370,PL,9,3,12,3,0.00222217,0.00259973,0.854769
52380,PL,5,3,0,0,0.00219328,0.00135221,1.622
52390,PL,1,3,11,4,0.00213741,0.00242499,0.88141
52400,PL,4,3,10,3,0.0022207,0.0029199,0.760541
52410,PL,6,3,0,0,0.00223233,0.001027,2.17365
52420,PL,9,3,4,3,0.00220793,0.00234315,0.942291
52430,PL,1,3,0,0,0.00217435,0.000878565,2.47489
52440,PL,9,3,0,0,0.00216898,0.00100206,2.16451
52450,PL,5,3,35,4,0.00218369,0.00341214,0.639977
52460,PL,2,3,0,0,0.00218407,0.000926265,2.35793
52470,PL,15,3,0,0,0.00225381,0.00121577,1.85382
52480,PL,7,3,7,4,0.00218118,0.0025219,0.864895
52490,PL,44,3,0,0,0.00247701,0.00172109,1.43921
52500,PL,1,3,0,0,0.00248498,0.000877075,2.83326
52510,PL,9,3,0,0,0.00220791,0.0011389,1.93864
52520,PL,27,3,0,0,0.00241445,0.00171454,1.40822
52530,PL,1,3,0,0,0.00218429,0.000898125,2.43206
52540,PL,1,3,0,0,0.00212916,0.000916505,2.32313
52550,PL,11,3,0,0,0.00223404,0.00121295,1.84183
52560,PL,29,3,5,3,0.00226771,0.00291254,0.778602
52570,PL,0,3,0,0,0.0021325,0.000853035,2.4999
52580,PL,30,3,20,4,0.00242419,0.00372324,0.651098
52590,PL,22,3,0,0,0.00251047,0.00170351,1.47371
52600,PL,28,3,0,0,0.00373512,0.00160327,2.32969
52610,PL,36,3,0,0,0.0024698,0.00177427,1.39201
52620,PL,7,3,0,0,0.00223717,0.00110715,2.02067
52630,PL,76,5,0,0,0.00261617,0.00223037,1.17298
52640,PL,0,3,0,0,0.00212806,0.000883325,2.40915
52650,PL,9,3,0,0,0.00214946,0.00105631,2.03488
52660,PL,8,3,18,4,0.00215482,0.0028013,0.769224
52670,PL,31,4,0,0,0.00235668,0.00213668,1.10296
52680,PL,10,3,12,3,0.00226982,0.00248354,0.913945
52690,PL,3,3,7,3,0.00215979,0.00202418,1.06699
52700,PL,3,3,0,0,0.00214975,0.0010144,2.11922
52710,PL,7,3,16,4,0.00221413,0.00277636,0.797496
52720,PL,11,3,0,0,0.00223142,0.00146073,1.52761
52730,PL,10,3,33,3,0.00228275,0.00279735,0.816043
52740,PL,38,4,0,0,0.00254094,0.00180863,1.4049
52750,PL,5,3,0,0,0.00224761,0.00130432,1.72321
52760,PL,5,3,13,3,0.00216768,0.00308601,0.702423
52770,PL,0,3,0,0,0.0021705,0.000900795,2.40954
52780,PL,1,3,11,3,0.00215527,0.00215457,1.00033
52790,PL,6,3,0,0,0.00222194,0.00110375,2.01309
52800,PL,10,3,6,3,0.0022386,0.00258452,0.866157
52810,PL,4,3,3,3,0.00216137,0.00242955,0.889616
52820,PL,4,3,0,0,0.00256165,0.000941605,2.72052
52830,PL,11,3,0,0,0.00223765,0.00120249,1.86085
52840,PL,8,3,11,3,0.00217609,0.00234692,0.927211
52850,PL,28,3,0,0,0.002628,0.00143777,1.82784
52860,PL,4,3,0,0,0.00220673,0.000996795,2.21383
52870,PL,2,3,0,0,0.00211231,0.000988346,2.13722
52880,PL,9,3,0,0,0.00224018,0.00133046,1.68377
52890,PL,5,3,0,0,0.00215134,0.000980675,2.19374
52900,PL,0,3,0,0,0.00211937,0.000904275,2.34373
52910,PL,0,3,12,3,0.00215167,0.00202291,1.06365
52920,PL,3,3,20,3,0.00219692,0.00225003,0.976396
52930,PL,25,3,12,5,0.00219747,0.00290678,0.755983
52940,PL,4,3,14,3,0.00216288,0.00221057,0.978426
52950,PL,14,3,11,3,0.00214386,0.00248445,0.862911
52960,PL,5,3,12,3,0.00215623,0.00247104,0.8726
52970,PL,8,3,13,4,0.00222417,0.00280808,0.792063
52980,PL,7,3,0,0,0.00216091,0.00103972,2.07837
52990,PL,5,3,0,0,0.00218219,0.00108033,2.01994
53000,PL,6,3,0,0,0.0021482,0.000955225,2.2489
53010,PL,11,3,0,0,0.00233835,0.00124521,1.87788
53020,PL,3,3,0,0,0.00214368,0.00106392,2.0149
53030,PL,10,3,0,0,0.00220617,0.00128575,1.71587
53040,PL,20,4,0,0,0.00249653,0.00175993,1.41854
53050,PL,13,3,13,3,0.00218415,0.00272885,0.800394
53060,PL,5,3,6,3,0.00218022,0.00224833,0.969706
53070,PL,14,3,7,3,0.00221964,0.00242652,0.914742
53080,PL,12,4,22,3,0.00233979,0.00330226,0.708544
53090,PL,12,3,0,0,0.00225874,0.00110874,2.03722
53100,PL,8,3,37,3,0.0021708,0.0024821,0.874582
53110,PL,19,3,0,0,0.00226562,0.00145715,1.55483
53120,PL,8,3,0,0,0.002149,0.00105119,2.04436
53130,PL,3,3,6,3,0.00225222,0.00266796,0.844175
53140,PL,1,3,0,0,0.00249486,0.000937665,2.66072
53150,PL,0,3,0,0,0.00214809,0.000887855,2.41942
53160,PL,11,3,0,0,0.00227111,0.00114923,1.97621
53170,PL,8,3,3,3,0.00224181,0.00229736,0.97582
53180,PL,5,3,0,0,0.00254733,0.00104696,2.43309
53190,PL,2,3,9,3,0.0025703,0.00205331,1.25178
53200,PL,22,3,0,0,0.00272258,0.0018959,1.43603
53210,PL,11,3,7,3,0.00225494,0.00211921,1.06405
53220,PL,16,3,12,3,0.00218343,0.00237141,0.920731
53230,PL,45,4,0,0,0.00270889,0.00257284,1.05288
53240,PL,5,3,0,0,0.00217037,0.00102788,2.11151
53250,PL,21,3,0,0,0.00229141,0.00136687,1.6764
53260,PL,28,3,0,0,0.00224998,0.0014961,1.5039
53270,PL,15,3,5,3,0.00226849,0.00250388,0.90599
53280,PL,13,3,9,3,0.00220847,0.00269473,0.819554
53290,PL,5,3,5,3,0.00225027,0.00253486,0.887729
53300,PL,27,4,21,4,0.00243299,0.00346512,0.702139
53310,PL,1,3,0,0,0.00222537,0.000965615,2.30462
53320,PL,13,3,22,3,0.00218573,0.00274445,0.796418
53330,PL,10,3,3,3,0.00220564,0.00223764,0.985699
53340,PL,10,3,0,0,0.00217885,0.00104576,2.08352
53350,PL,14,3,0,0,0.00222187,0.00112417,1.97646
53360,PL,5,3,0,0,0.00222602,0.00125255,1.7772
53370,PL,5,3,0,0,0.00223023,0.000917145,2.43171
53380,PL,0,3,15,3,0.00216423,0.00245443,0.881764
53390,PL,18,3,0,0,0.00257198,0.00138831,1.8526
53400,PL,1,3,6,3,0.00218295,0.00205098,1.06434
53410,PL,6,3,0,0,0.00223731,0.00119679,1.86943
53420,PL,22,3,0,0,0.00228944,0.00146702,1.56061
53430,PL,0,3,7,3,0.00218149,0.0023214,0.93973
53440,PL,16,3,6,3,0.00247921,0.00276264,0.897409
53450,PL,12,4,12,3,0.00219804,0.00274063,0.802022
53460,PL,2,3,15,3,0.00220271,0.00218366,1.00872
53470,PL,0,3,0,0,0.00216774,0.000902815,2.40109
53480,PL,10,3,0,0,0.00225778,0.00120641,1.87149
53490,PL,8,3,11,3,0.00217097,0.0023991,0.90491
53500,PL,8,3,0,0,0.00220257,0.000941535,2.33934
53510,PL,5,3,0,0,0.0025653,0.00126709,2.02457
53520,PL,8,3,0,0,0.00223939,0.00115851,1.933
53530,PL,4,3,22,3,0.00248204,0.00279444,0.88821
53540,PL,26,3,17,3,0.00259037,0.00310971,0.832996
53550,PL,7,3,12,3,0.00231094,0.00211751,1.09135
53560,PL,9,3,0,0,0.00228865,0.00120391,1.90102
53570,PL,14,3,5,3,0.00223306,0.00225863,0.988679
53580,PL,0,3,0,0,0.00251307,0.000877475,2.86398
53590,PL,9,3,0,0,0.00215862,0.00110038,1.9617
53600,PL,6,3,0,0,0.00223089,0.00109205,2.04286
53610,PL,17,3,30,3,0.00256039,0.00317561,0.806269
53620,PL,28,3,37,5,0.00244189,0.00453103,0.538926
53630,PL,4,3,0,0,0.00221041,0.000937065,2.35887
53640,PL,3,3,0,0,0.0022325,0.000926685,2.40913
53650,PL,20,3,0,0,0.00241966,0.00149892,1.61427
53660,PL,46,3,0,0,0.00237595,0.00202414,1.17381
53670,PL,5,3,0,0,0.00221457,0.00101734,2.17684
53680,PL,21,3,0,0,0.00220579,0.0013852,1.5924
53690,PL,24,3,0,0,0.00241849,0.0016106,1.50161
53700,PL,2,3,17,3,0.00221375,0.00273563,0.809228
53710,PL,7,3,0,0,0.0021809,0.00130149,1.6757
53720,PL,6,3,28,3,0.00256235,0.00313153,0.818244
53730,PL,32,3,18,3,0.00247237,0.00307354,0.804407
53740,PL,6,3,0,0,0.00255397,0.00120218,2.12446
53750,PL,23,3,0,0,0.00261638,0.00166997,1.56673
53760,PL,11,3,9,3,0.0024334,0.00248533,0.979105
53770,PL,9,3,9,3,0.00222239,0.00213592,1.04048
53780,PL,13,3,0,0,0.00222545,0.00135492,1.6425
53790,PL,3,3,0,0,0.00262491,0.000920815,2.85064
53800,PL,0,3,0,0,0.00212619,0.000892414,2.38252
53810,PL,4,3,5,3,0.0021823,0.00236615,0.9223
53820,PL,14,3,0,0,0.00228825,0.00137541,1.66369
53830,PL,16,3,0,0,0.00229659,0.00128828,1.78269
53840,PL,0,3,0,0,0.00213344,0.000894915,2.38396
53850,PL,28,3,18,3,0.00223516,0.00288295,0.775302
53860,PL,10,3,0,0,0.00230026,0.00111792,2.05763
53870,PL,11,3,3,3,0.00220079,0.0021826,1.00833
53880,PL,22,3,0,0,0.00232328,0.00158641,1.46449
53890,PL,0,3,0,0,0.00258057,0.000871045,2.96262
53900,PL,8,3,20,3,0.00241425,0.00293771,0.821816
53910,PL,8,3,0,0,0.00258238,0.00125294,2.06106
53920,PL,0,3,0,0,0.00251343,0.000879565,2.85759
53930,PL,3,3,0,0,0.00254545,0.00108614,2.34359
53940,PL,7,3,0,0,0.00215232,0.00124007,1.73565
53950,PL,2,3,0,0,0.00220102,0.00100479,2.19054
53960,PL,5,3,11,3,0.00218232,0.00225205,0.969037
53970,PL,7,3,9,3,0.00218651,0.00247154,0.884675
53980,PL,22,3,0,0,0.00257334,0.00169274,1.52022
53990,PL,16,3,0,0,0.00224071,0.00149982,1.49399
54000,PL,11,3,0,0,0.00255633,0.00147012,1.73886
54010,PL,10,3,19,3,0.0021795,0.00251192,0.867662
54020,PL,11,3,0,0,0.00220284,0.00113617,1.93884
54030,PL,9,3,8,3,0.0021819,0.00242745,0.898844
54040,PL,12,3,17,3,0.00226529,0.00288085,0.786329
54050,PL,6,3,0,0,0.0021701,0.00108101,2.00748
54060,PL,22,3,0,0,0.00231402,0.00190918,1.21205
54070,PL,12,3,0,0,0.00223427,0.00148514,1.50442
54080,PL,17,3,0,0,0.00223661,0.00129613,1.72561
54090,PL,14,3,0,0,0.00225327,0.00110155,2.04555
54100,PL,55,3,0,0,0.00258802,0.00176033,1.47019
54110,PL,9,3,7,3,0.00220348,0.00250126,0.880947
54120,PL,4,3,0,0,0.00238018,0.0010282,2.31491
54130,PL,4,3,0,0,0.00217771,0.00104585,2.08225
54140,PL,3,3,0,0,0.00220145,0.000905994,2.42987
54150,PL,0,3,0,0,0.00253677,0.000886034,2.86307
54160,PL,8,3,3,3,0.00218346,0.00251815,0.867089
54170,PL,4,3,19,4,0.00219308,0.00252269,0.869341
54180,PL,21,3,8,4,0.00266823,0.0027635,0.965529
54190,PL,5,3,0,0,0.00215459,0.00103189,2.08801
54200,PL,21,3,17,5,0.00241064,0.00359683,0.670214
54210,PL,22,3,20,3,0.00246688,0.00311165,0.792791
54220,PL,8,3,0,0,0.00223216,0.00128294,1.73988
54230,PL,0,3,0,0,0.00211605,0.000887645,2.38389
54240,PL,3,3,0,0,0.00216926,0.000993865,2.18265
54250,PL,4,3,0,0,0.00232125,0.000974546,2.38188
54260,PL,6,3,0,0,0.00219227,0.00108931,2.01254
54270,PL,12,3,3,3,0.00224873,0.00234498,0.958954
54280,PL,10,3,0,0,0.00223929,0.00117172,1.91112
54290,PL,35,3,0,0,0.00259388,0.00194442,1.33401
54300,PL,25,3,0,0,0.00232833,0.00138069,1.68636
54310,PL,22,3,15,3,0.00226157,0.00264259,0.855815
54320,PL,10,3,17,3,0.00258864,0.00252596,1.02481
54330,PL,12,3,0,0,0.0022233,0.00122295,1.81799
54340,PL,3,3,0,0,0.0022239,0.000987666,2.25167
54350,PL,14,3,0,0,0.00227104,0.00149189,1.52226
54360,PL,3,3,19,3,0.00225312,0.00275018,0.819262
54370,PL,6,3,24,4,0.00225718,0.00421901,0.535003
54380,PL,2,3,0,0,0.00215527,0.00106402,2.02558
54390,PL,8,3,0,0,0.00220148,0.0010441,2.1085
54400,PL,6,3,0,0,0.00229625,0.00119294,1.92487
54410,PL,3,3,0,0,0.0021867,0.00109174,2.00296
54420,PL,5,3,16,3,0.0022373,0.00330004,0.677962
54430,PL,11,3,15,3,0.00221848,0.00296511,0.748196
54440,PL,7,3,9,3,0.00221645,0.00222965,0.99408
54450,PL,3,3,0,0,0.00217366,0.000944015,2.30257
54460,PL,20,3,0,0,0.00245817,0.00151066,1.62722
54470,PL,22,3,36,4,0.00253167,0.00375691,0.673871
54480,PL,23,3,0,0,0.00260089,0.00178774,1.45485
54490,PL,4,3,0,0,0.00259335,0.000964845,2.68785
54500,PL,34,3,0,0,0.00247826,0.00154027,1.60898
54510,PL,4,3,0,0,0.00224626,0.000985986,2.27819
54520,PL,7,3,24,3,0.00217454,0.00278406,0.78107
54530,PL,8,3,0,0,0.00224235,0.00106402,2.10744
54540,PL,44,3,46,3,0.00266057,0.00393537,0.676067
54550,PL,6,3,4,3,0.00221439,0.00219915,1.00693
54560,PL,16,3,0,0,0.00227371,0.00131909,1.7237
54570,PL,15,3,18,3,0.00225956,0.00312468,0.723135
54580,PL,9,3,0,0,0.00218545,0.0011453,1.9082
54590,PL,0,3,4,3,0.00211575,0.00216094,0.979088
54600,PL,7,3,0,0,0.00219763,0.00105291,2.08721
54610,PL,4,3,0,0,0.00219344,0.00132918,1.65023
54620,PL,10,3,0,0,0.00220229,0.00109849,2.00484
54630,PL,20,3,37,5,0.00268665,0.00415375,0.6468
54640,PL,7,3,0,0,0.00219785,0.00118291,1.85801
54650,PL,23,3,24,3,0.00253741,0.00278534,0.910987
54660,PL,41,3,11,4,0.00261807,0.00345973,0.756728
54670,PL,8,3,0,0,0.00225369,0.0010357,2.17602
54680,PL,11,3,0,0,0.00220669,0.00111464,1.97974
54690,PL,32,3,5,3,0.00260071,0.00288444,0.901636
54700,PL,2,3,26,5,0.00221062,0.00308067,0.717579
54710,PL,17,3,0,0,0.00228239,0.00126257,1.80774
54720,PL,0,3,0,0,0.0021693,0.000898995,2.41303
54730,PL,21,3,0,0,0.00227186,0.001529,1.48585
54740,PL,5,3,0,0,0.00219642,0.0010382,2.1156
54750,PL,9,3,0,0,0.00218937,0.00130795,1.6739
54760,PL,16,3,0,0,0.00255704,0.00145881,1.75283
54770,PL,13,3,0,0,0.00243825,0.00133417,1.82755
54780,PL,32,3,16,3,0.00266207,0.0032343,0.823077
54790,PL,33,3,13,3,0.00256069,0.0031701,0.807765
54800,PL,8,3,19,3,0.00225029,0.0026511,0.848813
54810,PL,7,3,26,3,0.00224367,0.00269181,0.83352
54820,PL,7,3,6,3,0.00228792,0.00228263,1.00232
54830,PL,7,3,3,3,0.00258286,0.00255143,1.01232
54840,PL,48,4,29,3,0.00271553,0.00448686,0.605219
54850,PL,0,3,0,0,0.00221029,0.000891455,2.47942
54860,PL,47,5,0,0,0.00265918,0.00241154,1.10269
54870,PL,5,3,0,0,0.00227833,0.000953216,2.39015
54880,PL,15,3,11,3,0.00219862,0.00248469,0.884866
54890,PL,12,3,0,0,0.00221156,0.0011601,1.90636
54900,PL,8,3,0,0,0.00218884,0.00109181,2.00479
54910,PL,28,3,8,3,0.00265634,0.00287001,0.925551
54920,PL,40,3,0,0,0.00270112,0.00172009,1.57033
54930,PL,37,4,33,4,0.00263887,0.00475453,0.555024
54940,PL,4,3,0,0,0.00215815,0.000976336,2.21046
54950,PL,17,3,0,0,0.00250457,0.00139685,1.79302
54960,PL,4,3,0,0,0.00228133,0.00122243,1.86623
54970,PL,39,5,16,3,0.00246117,0.00419024,0.587358
54980,PL,3,3,0,0,0.00219424,0.00103709,2.11578
54990,PL,2,3,0,0,0.00218905,0.000898215,2.43711
55000,PL,11,3,0,0,0.0022202,0.00123003,1.805
55010,PL,3,3,0,0,0.00215157,0.00102141,2.10648
55020,PL,15,3,0,0,0.00224086,0.00141931,1.57884
55030,PL,8,3,13,3,0.00220879,0.00270546,0.816419
55040,PL,33,3,9,3,0.00238033,0.0029708,0.801244
55050,PL,8,3,0,0,0.00254006,0.00148186,1.71411
55060,PL,10,3,0,0,0.00224589,0.00108765,2.06491
55070,PL,9,3,16,3,0.00229245,0.00287817,0.796497
55080,PL,34,4,0,0,0.00229532,0.00185261,1.23897
55090,PL,28,3,19,3,0.00244046,0.00331203,0.736848
55100,PL,24,4,8,3,0.00241204,0.00250179,0.964125
55110,PL,14,3,0,0,0.00226408,0.00147083,1.53932
55120,PL,10,3,21,3,0.00227337,0.0031632,0.718695
55130,PL,54,3,0,0,0.00265792,0.00197218,1.34771
55140,PL,16,3,0,0,0.00247158,0.00123327,2.00409
55150,PL,28,3,14,3,0.00253297,0.00330388,0.766667
55160,PL,16,4,17,5,0.00224612,0.00359559,0.624688
55170,PL,35,5,0,0,0.00259773,0.00232701,1.11634
55180,PL,6,3,0,0,0.00222779,0.000926445,2.40467
55190,PL,10,3,0,0,0.00369436,0.00117531,3.14331
55200,PL,6,3,0,0,0.00220295,0.00106485,2.06878
55210,PL,15,5,17,3,0.00235453,0.00318444,0.739388
55220,PL,7,3,6,3,0.00228537,0.00253317,0.902177
55230,PL,14,3,35,3,0.00222181,0.00335952,0.661348
55240,PL,14,3,0,0,0.00228989,0.00125095,1.83053
55250,PL,16,3,0,0,0.00249846,0.00164263,1.52101
55260,PL,23,3,8,3,0.0023279,0.00259389,0.897455
55270,PL,0,3,15,3,0.00218589,0.00238872,0.915088
55280,PL,15,3,0,0,0.00226865,0.00114329,1.98433
55290,PL,15,3,0,0,0.00228523,0.00134864,1.69447
55300,PL,10,3,7,3,0.00234757,0.0023931,0.980974
55310,PL,27,3,0,0,0.00229686,0.00135439,1.69587
55320,PL,11,3,0,0,0.00249302,0.00103817,2.40137
55330,PL,3,3,20,3,0.00226213,0.00239121,0.946018
55340,PL,18,3,0,0,0.00252079,0.00157553,1.59997
55350,PL,6,3,0,0,0.00216817,0.0011319,1.91552
55360,PL,29,4,10,3,0.00259156,0.00304085,0.852251
55370,PL,3,3,0,0,0.00217817,0.00108569,2.00626
55380,PL,8,3,17,3,0.00218875,0.00307492,0.711808
55390,PL,2,3,16,4,0.00216251,0.00229372,0.942796
55400,PL,5,3,0,0,0.00218256,0.00113924,1.91581
55410,PL,22,3,11,4,0.00219595,0.00287911,0.76272
55420,PL,13,3,12,4,0.00223815,0.00269857,0.829383
55430,PL,14,3,0,0,0.00244583,0.0012024,2.03413
55440,PL,5,3,0,0,0.00212946,0.00110524,1.9267
55450,PL,11,3,0,0,0.00224783,0.00148896,1.50967
55460,PL,13,3,0,0,0.00220392,0.00136716,1.61205
55470,PL,6,3,0,0,0.00219333,0.00108013,2.03063
55480,PL,21,3,26,3,0.00234683,0.00320575,0.732071
55490,PL,4,3,0,0,0.00225223,0.000972135,2.31679
55500,PL,14,3,0,0,0.00231342,0.00142533,1.62308
55510,PL,7,3,0,0,0.00229398,0.00122418,1.8739
55520,PL,4,3,0,0,0.00211295,0.00101312,2.0856
55530,PL,2,3,0,0,0.00212137,0.00106484,1.9922
55540,PL,7,3,0,0,0.00216804,0.00104995,2.06489
55550,PL,0,3,0,0,0.00315379,0.000924815,3.41018
55560,PL,6,3,0,0,0.00214633,0.000954815,2.2479
55570,PL,12,3,0,0,0.00227408,0.00124405,1.82797
55580,PL,9,3,0,0,0.002232,0.00105096,2.12378
55590,PL,13,3,0,0,0.00218603,0.00124076,1.76185
55600,PL,26,3,30,4,0.00220265,0.00359369,0.612922
55610,PL,10,3,7,3,0.00216758,0.0022575,0.960168
55620,PL,3,3,0,0,0.00218506,0.000927155,2.35674
55630,PL,7,3,7,3,0.00220231,0.00213649,1.03081
55640,PL,0,3,7,3,0.00212848,0.00181417,1.17325
55650,PL,40,3,6,3,0.00235786,0.00294565,0.800457
55660,PL,37,3,9,3,0.0025613,0.00291709,0.878032
55670,PL,16,3,33,6,0.00227415,0.0044936,0.506087
55680,PL,19,3,24,3,0.00223215,0.0031191,0.715641
55690,PL,14,3,0,0,0.00234122,0.00133643,1.75185
55700,PL,24,4,18,3,0.00251431,0.00354106,0.710046
55710,PL,9,3,0,0,0.00222513,0.00125089,1.77884
55720,PL,1,3,14,4,0.00216553,0.00257761,0.84013
55730,PL,5,3,0,0,0.0021486,0.00104356,2.05893
55740,PL,16,3,0,0,0.00223268,0.00113369,1.9694
55750,PL,5,3,0,0,0.0022424,0.00106884,2.09799
55760,PL,0,3,8,3,0.00215891,0.00198375,1.0883
55770,PL,4,3,7,3,0.00214503,0.00226343,0.94769
55780,PL,46,4,0,0,0.00256424,0.0020064,1.27803
55790,PL,4,3,0,0,0.00215666,0.00124277,1.73537
55800,PL,14,3,0,0,0.00228506,0.00139364,1.63964
55810,PL,14,3,27,3,0.00220798,0.00272883,0.80913
55820,PL,0,3,0,0,0.00211615,0.000869765,2.43301
55830,PL,0,3,0,0,0.00251486,0.000879945,2.85798
55840,PL,24,3,0,0,0.00220061,0.00123789,1.77772
55850,PL,8,3,0,0,0.00213809,0.000987055,2.16613
55860,PL,0,3,22,5,0.00212891,0.00275116,0.773822
55870,PL,6,3,0,0,0.00228931,0.000992376,2.3069
55880,PL,15,3,15,3,0.00221574,0.00255213,0.868192
55890,PL,29,4,0,0,0.00232101,0.00184742,1.25635
55900,PL,7,3,0,0,0.00223221,0.000983435,2.26981
55910,PL,12,3,18,3,0.00242332,0.00274917,0.881473
55920,PL,0,3,26,3,0.00214631,0.00296364,0.724216
55930,PL,16,3,0,0,0.00225458,0.00133867,1.6842
55940,PL,10,3,0,0,0.00218251,0.00106896,2.04172
55950,PL,13,3,0,0,0.00223162,0.00146551,1.52276
55960,PL,20,3,24,4,0.00229753,0.00330988,0.694145
55970,PL,3,3,9,3,0.00223612,0.00208388,1.07306
55980,PL,30,3,0,0,0.00224332,0.00159509,1.40639
55990,PL,9,3,0,0,0.00219753,0.00119566,1.83793
56000,PL,21,3,0,0,0.00256381,0.00174153,1.47216
56010,PL,19,3,0,0,0.00256578,0.00162378,1.58013
56020,PL,11,3,29,3,0.00274939,0.00320986,0.856547
56030,PL,17,3,7,3,0.00257275,0.00240209,1.07105
56040,PL,26,3,0,0,0.00253908,0.00149101,1.70293
56050,PL,22,3,0,0,0.0024784,0.00154648,1.60261
56060,PL,12,4,0,0,0.00245287,0.00147451,1.66352
56070,PL,18,4,0,0,0.00236232,0.00145357,1.62519
56080,PL,4,3,0,0,0.00246688,0.00101793,2.42342
56090,PL,22,3,38,3,0.00231651,0.00326172,0.710213
56100,PL,16,3,23,4,0.00230496,0.0036809,0.626195
56110,PL,9,3,0,0,0.00222894,0.000986275,2.25996
56120,PL,6,3,0,0,0.00213238,0.00102058,2.08939
56130,PL,10,3,4,3,0.00225968,0.00220043,1.02693
56140,PL,3,3,0,0,0.00215119,0.00100161,2.14772
56150,PL,6,3,0,0,0.0021813,0.00108111,2.01766
56160,PL,46,3,16,3,0.00240282,0.00285601,0.841323
56170,PL,1,3,10,3,0.00225207,0.00209546,1.07474
56180,PL,14,3,0,0,0.00222209,0.00158976,1.39775
56190,PL,0,3,8,3,0.00241588,0.00188547,1.28132
56200,PL,12,3,18,5,0.0022069,0.00330115,0.668526
56210,PL,8,3,0,0,0.00224197,0.00118717,1.88851
56220,PL,17,3,0,0,0.00227791,0.00114227,1.9942
56230,PL,3,3,0,0,0.00220157,0.000912445,2.41283
56240,PL,3,3,0,0,0.00215242,0.00102556,2.09879
56250,PL,8,3,0,0,0.00224731,0.00109299,2.05612
56260,PL,10,3,25,3,0.00222747,0.00311165,0.71585
56270,PL,0,3,12,3,0.00223224,0.0021411,1.04257
56280,PL,23,3,0,0,0.00254567,0.00138939,1.83223
56290,PL,17,3,0,0,0.00226472,0.00130246,1.73881
56300,PL,4,3,21,3,0.00224797,0.00223705,1.00488
56310,PL,33,3,8,3,0.00261032,0.00280294,0.931279
56320,PL,9,3,0,0,0.0021822,0.00104703,2.08419
56330,PL,8,3,0,0,0.00222101,0.00116105,1.91294
56340,PL,7,3,16,4,0.00215696,0.002483,0.868691
56350,PL,0,3,5,3,0.0021426,0.00189159,1.1327
56360,PL,8,3,0,0,0.00220465,0.0011836,1.86267
56370,PL,0,3,0,0,0.00215104,0.000854995,2.51585
56380,PL,2,3,0,0,0.00215645,0.000905325,2.38196
56390,PL,11,3,0,0,0.00263046,0.00124004,2.12128
56400,PL,6,3,12,3,0.00225491,0.00223109,1.01068
56410,PL,0,3,0,0,0.00215599,0.000870825,2.4758
56420,PL,0,3,0,0,0.00213759,0.000877115,2.43707
56430,PL,0,3,0,0,0.00252946,0.000893734,2.83022
56440,PL,4,3,3,3,0.00217831,0.00232646,0.93632
56450,PL,24,3,0,0,0.00226209,0.00131781,1.71656
56460,PL,23,3,0,0,0.0022579,0.001451,1.5561
56470,PL,25,3,44,3,0.00244642,0.00326483,0.749327
56480,PL,0,3,0,0,0.00219606,0.000922375,2.38088
56490,PL,10,3,0,0,0.0022115,0.0012946,1.70826
56500,PL,8,3,6,3,0.0022318,0.00242663,0.919711
56510,PL,9,3,0,0,0.00222145,0.00125642,1.76808
56520,PL,26,3,0,0,0.00228969,0.00151944,1.50693
56530,PL,13,3,0,0,0.0022269,0.00113658,1.95931
56540,PL,2,3,3,3,0.00221015,0.00219226,1.00816
56550,PL,10,3,0,0,0.00224393,0.00130558,1.71873
56560,PL,25,3,0,0,0.00217922,0.00117431,1.85575
56570,PL,6,3,8,3,0.00227813,0.00209349,1.0882
56580,PL,9,3,14,3,0.00219691,0.00254587,0.862931
56590,PL,14,3,0,0,0.00213177,0.00108632,1.96239
56600,PL,8,3,0,0,0.00214766,0.00113057,1.89963
56610,PL,6,3,0,0,0.00217057,0.00106741,2.0335
56620,PL,10,3,8,3,0.00220955,0.00227988,0.969151
56630,PL,3,3,0,0,0.00216364,0.000946865,2.28506
56640,PL,12,3,19,3,0.00223974,0.00427531,0.523878
56650,PL,19,3,0,0,0.00234708,0.00141727,1.65606
56660,PL,5,3,9,4,0.00235596,0.00271626,0.867354
56670,PL,4,3,0,0,0.00216353,0.000928555,2.33
56680,PL,3,3,0,0,0.00222333,0.00105482,2.10779
56690,PL,0,3,0,0,0.0021719,0.000888414,2.4447
56700,PL,30,4,21,3,0.00252634,0.00374966,0.673753
56710,PL,13,3,0,0,0.00223939,0.00126915,1.76449
56720,PL,10,3,0,0,0.00256942,0.00106562,2.41121
56730,PL,12,3,13,3,0.00220386,0.003234,0.681467
56740,PL,10,3,0,0,0.00221088,0.00124556,1.77502
56750,PL,5,3,0,0,0.00218461,0.00104369,2.09317
56760,PL,21,3,12,4,0.00225474,0.00289972,0.777573
56770,PL,7,3,0,0,0.00223731,0.00115591,1.93555
56780,PL,32,3,0,0,0.00260867,0.00187441,1.39173
56790,PL,5,3,0,0,0.00215657,0.00100238,2.15146
56800,PL,40,3,5,3,0.00267524,0.00315729,0.847321
56810,PL,4,3,0,0,0.00216042,0.0011386,1.89744
56820,PL,29,3,13,3,0.00258731,0.00271279,0.953745
56830,PL,7,3,13,4,0.00221925,0.00288489,0.769269
56840,PL,19,3,21,3,0.00237701,0.00323106,0.735677
56850,PL,6,3,0,0,0.00217694,0.000990235,2.19841
56860,PL,10,4,21,3,0.00217765,0.00269747,0.807293
56870,PL,10,3,0,0,0.00224824,0.00130743,1.71959
56880,PL,13,3,0,0,0.0023314,0.00138965,1.67769
56890,PL,5,3,0,0,0.00223905,0.00103875,2.15552
56900,PL,9,3,15,3,0.00216785,0.00255531,0.84837
56910,PL,19,3,11,3,0.00250606,0.00272411,0.919958
56920,PL,8,3,7,3,0.00219004,0.00243338,0.899998
56930,PL,18,3,0,0,0.00224687,0.0013638,1.64751
56940,PL,9,3,0,0,0.00267941,0.000999735,2.68012
56950,PL,11,3,0,0,0.00222534,0.00126202,1.76332
56960,PL,17,5,0,0,0.00220868,0.00176547,1.25104
56970,PL,16,3,6,3,0.00234751,0.00220242,1.06588
56980,PL,6,3,23,3,0.00217465,0.00225989,0.962281
56990,PL,10,3,14,3,0.00215174,0.00246233,0.873863
57000,PL,16,3,11,3,0.00221337,0.00262789,0.84226
57010,PL,0,3,0,0,0.00214377,0.000880975,2.43341
57020,PL,10,3,0,0,0.00213951,0.00143422,1.49176
57030,PL,19,3,0,0,0.00257689,0.0015516,1.6608
57040,PL,12,3,0,0,0.00220772,0.00115916,1.90459
57050,PL,16,3,0,0,0.00259362,0.00134027,1.93515
57060,PL,21,3,0,0,0.00219325,0.00137663,1.59321
57070,PL,1,3,17,3,0.00220531,0.00246882,0.893265
57080,PL,9,3,0,0,0.00263036,0.00106302,2.47444
57090,PL,9,3,7,3,0.00225038,0.00270876,0.830778
57100,PL,0,3,18,3,0.00212768,0.0024386,0.8725
57110,PL,14,3,0,0,0.00235095,0.00147253,1.59654
57120,PL,15,3,12,3,0.00220083,0.00290356,0.757976
57130,PL,11,3,28,3,0.00218396,0.00309444,0.70577
57140,PL,12,3,15,3,0.00220813,0.00298204,0.740478
57150,PL,24,3,0,0,0.00256606,0.00159343,1.6104
57160,PL,23,4,0,0,0.00222185,0.00217147,1.0232
57170,PL,23,3,17,3,0.00238196,0.003153,0.75546
57180,PL,1,3,0,0,0.00219926,0.0010248,2.14605
57190,PL,8,3,13,3,0.00228557,0.00217613,1.05029
57200,PL,18,3,0,0,0.00220774,0.00158319,1.39449
57210,PL,4,3,0,0,0.00219308,0.00112258,1.95361
57220,PL,25,3,0,0,0.00254163,0.00145737,1.74399
57230,PL,14,3,0,0,0.00221578,0.00136554,1.62264
57240,PL,15,3,0,0,0.00229017,0.00131124,1.74657
57250,PL,18,4,0,0,0.00231123,0.00148234,1.55918
57260,PL,13,3,13,4,0.00220557,0.00313187,0.704236
