iteration,crossover_type,feasible_before,feasible_after,dist_p1p2_edge,dist_p1p2_pl,edge_p1_before,edge_p2_before,edge_p1_after,edge_p2_after,pl_p1_before,pl_p2_before,pl_p1_after,pl_p2_after
0,EAX,0,1,0.264,5.09091,0.0655738,0.245902,0.376,0.352,14,12.9091,13.0909,10.7273
50,EAX,0,1,0.376,10.5455,0.146341,0.284553,0.4,0.344,7.27273,13.4545,11.6364,9.63636
100,EAX,0,1,0.36,12.5455,0.0901639,0.319672,0.392,0.424,11.0909,16.5455,12,12
150,EAX,0,1,0.416,10.7273,0.393443,0.057377,0.368,0.4,14.3636,11.4545,10.1818,13.2727
200,EAX,0,1,0.448,12.7273,0.0487805,0.447154,0.328,0.472,8,16.1818,8.72727,14.5455
250,EAX,0,1,0.432,12.9091,0.344262,0.139344,0.424,0.36,14.9091,10.9091,11.4545,10.1818
300,EAX,0,1,0.304,8.54545,0.139344,0.221311,0.352,0.312,13.6364,13.2727,8.36364,8.72727
350,EAX,0,1,0.36,11.4545,0.360656,0.0409836,0.376,0.432,15.8182,14,8.54545,12.3636
400,EAX,0,1,0.432,12.9091,0.114754,0.377049,0.304,0.416,10.3636,16,11.6364,12.5455
450,EAX,0,1,0.424,10.9091,0.418033,0.0409836,0.392,0.384,16.1818,14,12.1818,10.5455
500,EAX,0,1,0.392,10.9091,0.0409836,0.393443,0.392,0.416,10.9091,15.6364,10.3636,10.9091
550,EAX,0,1,0.408,10.9091,0.057377,0.368852,0.36,0.424,10.1818,16.1818,9.81818,12.5455
600,EAX,1,1,0,0,0,0,0,0,0,0,0,0
650,EAX,0,1,0.408,11.2727,0.0983607,0.319672,0.432,0.376,15.4545,15.6364,11.8182,11.2727
700,EAX,0,1,0.464,12.5455,0.0409836,0.459016,0.384,0.432,10.1818,16.1818,12,12.7273
750,EAX,0,1,0.312,9.63636,0.0409836,0.295082,0.336,0.368,10.1818,15.4545,9.81818,8.90909
800,EAX,0,1,0.36,11.0909,0.139344,0.270492,0.392,0.44,14.3636,17.6364,11.4545,12.1818
850,EAX,0,1,0.312,6.72727,0.0901639,0.254098,0.384,0.376,14,13.4545,10.5455,11.6364
900,EAX,0,1,0.392,11.2727,0.303279,0.122951,0.312,0.4,13.2727,14.3636,7.45455,11.0909
950,EAX,0,0,0.36,10.3636,0.0409836,0.344262,0.336,0.368,10.1818,17.2727,8.90909,8.36364
1000,EAX,0,1,0.392,9.09091,0.188525,0.262295,0.392,0.432,10.5455,12.5455,11.0909,11.6364
1050,EAX,0,1,0.416,13.4545,0.0737705,0.360656,0.376,0.408,10.3636,14.5455,13.2727,10.5455
1100,EAX,0,0,0,0,0,0,0,0,0,0,0,0
1150,EAX,0,0,0.392,11.8182,0.204918,0.229508,0.395161,0.387097,17.4545,13.6364,12.5455,9.63636
1200,EAX,0,0,0.419355,13.2727,0.0406504,0.398374,0.290323,0.41129,8,14.7273,6,12.9091
1250,EAX,0,0,0.432,12.1818,0.057377,0.42623,0.387097,0.395161,14,18.1818,10.9091,10
1300,EAX,0,0,0.376,10.3636,0.0406504,0.398374,0.298387,0.427419,9.81818,16.7273,9.81818,13.4545
1350,EAX,0,0,0.395161,16,0.147541,0.319672,0.346774,0.387097,12.5455,18.3636,10.9091,11.8182
1400,EAX,0,0,0.296,6.18182,0.0327869,0.270492,0.216,0.32,10.1818,12,6.54545,8
1450,EAX,0,0,0.32,12.5455,0.0409836,0.303279,0.346774,0.298387,10,17.2727,8.18182,14.9091
1500,EAX,0,0,0.488,12.5455,0.0409836,0.47541,0.451613,0.395161,13.4545,16.9091,11.2727,11.0909
1550,EAX,0,0,0.296,7.63636,0.0655738,0.262295,0.274194,0.290323,12,13.0909,8,9.81818
1600,EAX,0,0,0.32,8.72727,0.172131,0.196721,0.33871,0.274194,10,13.4545,7.81818,10.3636
1650,EAX,0,0,0.328,8.18182,0.262295,0.131148,0.298387,0.33871,14.1818,10.7273,8.72727,11.6364
1700,EAX,0,0,0.288,7.45455,0.0406504,0.308943,0.233871,0.306452,10.1818,15.6364,10.3636,12.7273
1750,EAX,0,1,0.352,7.45455,0.0491803,0.327869,0.312,0.336,13.4545,13.0909,6.36364,8.18182
1800,EAX,0,0,0.296,6.90909,0.131148,0.180328,0.298387,0.25,11.8182,14.5455,9.45455,7.63636
1850,EAX,0,0,0.424,14,0.0327869,0.409836,0.306452,0.33871,10.1818,17.4545,11.6364,14.1818
1900,EAX,0,0,0.384,10.9091,0.221311,0.221311,0.387097,0.443548,14.5455,14.5455,13.6364,11.0909
1950,EAX,0,0,0.312,8.36364,0.106557,0.254098,0.298387,0.266129,10.5455,12.3636,9.63636,9.27273
2000,EAX,0,0,0.36,12.1818,0.0491803,0.336066,0.344,0.312,10,16.9091,12.3636,8.90909
2050,EAX,0,0,0.256,7.63636,0.0491803,0.254098,0.362903,0.387097,10.1818,14.9091,13.6364,12.3636
2100,EAX,0,0,0.4,9.63636,0.0491803,0.377049,0.354839,0.41129,10.1818,17.2727,11.4545,11.8182
2150,EAX,0,0,0.32,11.2727,0.057377,0.295082,0.387097,0.201613,14,16.9091,12.7273,4.36364
2200,EAX,0,0,0.36,8.36364,0.0409836,0.336066,0.266129,0.306452,10.1818,13.2727,10.5455,11.4545
2250,EAX,0,0,0.424,13.2727,0.057377,0.418033,0.459677,0.370968,11.4545,15.6364,13.8182,9.63636
2300,EAX,0,0,0.32,6,0.286885,0.0491803,0.41129,0.395161,12,11.0909,11.4545,11.6364
2350,EAX,0,0,0.432,10.9091,0.0819672,0.385246,0.322581,0.379032,9.81818,17.8182,9.27273,13.2727
2400,EAX,0,0,0.344,9.27273,0.057377,0.311475,0.28,0.4,14,14.7273,9.27273,9.81818
2450,EAX,0,1,0.352,9.63636,0.311475,0.122951,0.368,0.448,13.2727,13.8182,11.0909,11.6364
2500,EAX,0,0,0.448,10.9091,0.0901639,0.418033,0.290323,0.41129,10.7273,17.0909,7.81818,12.9091
2550,EAX,0,1,0.432,9.63636,0.139344,0.360656,0.456,0.392,13.2727,17.2727,10,11.2727
2600,EAX,0,0,0.376,12,0.196721,0.204918,0.322581,0.362903,13.6364,14.7273,9.63636,11.8182
2650,EAX,0,0,0.392,9.09091,0.121951,0.325203,0.298387,0.306452,11.4545,14.5455,7.09091,8
2700,EAX,0,0,0.392,13.2727,0.180328,0.286885,0.314516,0.354839,13.4545,17.8182,13.2727,13.0909
2750,EAX,0,0,0.16,3.63636,0.139344,0.0655738,0.322581,0.33871,10.1818,10.3636,12.9091,13.4545
2800,EAX,0,0,0.408,13.4545,0.057377,0.409836,0.33871,0.435484,9.81818,17.6364,10.9091,12.7273
2850,EAX,0,0,0.264,6.54545,0.0406504,0.260163,0.258065,0.322581,6,11.4545,7.27273,8.54545
2900,EAX,0,1,0.384,12.9091,0.0409836,0.377049,0.264,0.336,11.4545,13.6364,8.18182,10.3636
2950,EAX,0,1,0.384,8.90909,0.0655738,0.344262,0.464,0.36,13.6364,14.5455,11.4545,10.9091
3000,EAX,0,1,0.408,11.4545,0.0406504,0.398374,0.304,0.424,8.36364,16,5.63636,10.9091
3050,EAX,0,0,0.387097,12.1818,0.122951,0.311475,0.201613,0.379032,8.90909,13.8182,3.81818,11.4545
3100,EAX,0,0,0.376,7.09091,0.0819672,0.327869,0.379032,0.298387,10.5455,13.2727,10.7273,8.18182
3150,EAX,0,0,0.408,10.3636,0.0491803,0.385246,0.290323,0.419355,10,16.1818,8.36364,12
3200,EAX,0,1,0.376,10.9091,0.057377,0.360656,0.336,0.36,9.81818,15.4545,12.1818,12.3636
3250,EAX,0,1,0.408,10.7273,0.188525,0.237705,0.488,0.352,13.4545,16.3636,12.5455,8.54545
3300,EAX,0,0,0.48,13.4545,0.0325203,0.479675,0.298387,0.443548,7.63636,16.5455,7.09091,13.8182
3350,EAX,0,0,0.392,10.1818,0.0819672,0.344262,0.33871,0.322581,12.1818,13.6364,9.81818,8.54545
3400,EAX,0,0,0.176,6.72727,0.0901639,0.131148,0.282258,0.330645,10.5455,10,9.27273,8.54545
3450,EAX,0,0,0.208,5.63636,0.0409836,0.213115,0.290323,0.330645,10.1818,12.9091,9.63636,9.27273
3500,EAX,0,0,0.512,14.9091,0.45082,0.0819672,0.451613,0.33871,16.9091,15.4545,12.3636,12.1818
3550,EAX,0,1,0.4,10.3636,0.0491803,0.377049,0.352,0.288,10,15.4545,8.36364,4.54545
3600,EAX,0,1,0.354839,12.7273,0.0491803,0.327869,0.336,0.408,7.63636,13.8182,13.0909,13.0909
3650,EAX,0,0,0.136,3.09091,0.0491803,0.131148,0.266129,0.25,10.1818,13.6364,9.27273,8.36364
3700,EAX,0,0,0.376,12.1818,0.122951,0.278689,0.330645,0.274194,14.3636,14,11.6364,12.5455
3750,EAX,0,1,0.36,10.3636,0.0487805,0.357724,0.384,0.344,9.63636,15.0909,12.9091,9.81818
3800,EAX,0,1,0.408,10.7273,0.0650407,0.390244,0.424,0.368,9.09091,14,13.2727,8.18182
3850,EAX,0,0,0.352,5.63636,0.0409836,0.327869,0.387097,0.387097,9.45455,11.4545,8.36364,8.18182
3900,EAX,0,0,0.432,11.6364,0.0655738,0.385246,0.33871,0.362903,10.3636,16.7273,10,12.5455
3950,EAX,0,1,0.32,14.3636,0.0819672,0.286885,0.368,0.384,10.3636,17.0909,11.2727,10
4000,EAX,0,0,0.376,9.63636,0.227642,0.195122,0.403226,0.298387,12.3636,13.2727,13.2727,11.2727
4050,EAX,0,0,0.44,11.8182,0.147541,0.336066,0.32,0.416,10.3636,16,12.5455,12.1818
4100,EAX,0,1,0.36,6.36364,0.0819672,0.303279,0.288,0.352,13.4545,12.5455,7.81818,7.81818
4150,EAX,0,1,0.288,8.18182,0.0901639,0.229508,0.368,0.392,11.8182,15.0909,11.8182,10.7273
4200,EAX,0,1,0.384,12,0.254098,0.155738,0.36,0.256,16.3636,12.1818,12.3636,5.45455
4250,EAX,0,0,0.4,11.8182,0.0491803,0.385246,0.282258,0.306452,10.1818,14.9091,10.9091,11.2727
4300,EAX,0,0,0.272,5.27273,0.057377,0.237705,0.33871,0.379032,14,12,12.9091,10.7273
4350,EAX,0,0,0.384,8.54545,0.0409836,0.377049,0.362903,0.362903,10.1818,16.5455,11.6364,12
4400,EAX,0,0,0.432,12.3636,0.0409836,0.418033,0.33871,0.370968,10.1818,16.7273,9.27273,13.2727
4450,EAX,0,0,0.376,9.63636,0.0491803,0.344262,0.395161,0.314516,10.1818,12.9091,13.8182,11.6364
4500,EAX,0,0,0.448,12.7273,0.0819672,0.393443,0.451613,0.41129,15.2727,12.9091,14.1818,11.8182
4550,EAX,0,0,0.408,10.7273,0.0491803,0.401639,0.258065,0.274194,10.1818,17.6364,12,10.1818
4600,EAX,0,0,0.4,11.8182,0.385246,0.0409836,0.330645,0.306452,15.2727,9.45455,11.0909,9.81818
4650,EAX,0,0,0.48,13.0909,0.229508,0.286885,0.395161,0.266129,14.9091,12.5455,12.3636,8.54545
4700,EAX,0,0,0.4,10.3636,0.0409836,0.368852,0.322581,0.41129,11.8182,15.6364,10,11.4545
4750,EAX,0,0,0.392,8.90909,0.303279,0.0983607,0.304,0.336,14.5455,13.6364,8,10.3636
4800,EAX,0,0,0.24,4.72727,0.0409836,0.229508,0.306452,0.346774,10.1818,11.8182,11.0909,12.3636
4850,EAX,0,1,0.192,3.09091,0.204918,0.0245902,0.248,0.264,12,10.1818,9.09091,10
4900,EAX,0,1,0.312,8,0.0819672,0.262295,0.384,0.368,10.3636,13.6364,10.9091,9.27273
4950,EAX,0,0,0.432,11.6364,0.114754,0.352459,0.330645,0.290323,10.7273,16.5455,6.90909,9.81818
5000,EAX,0,0,0.264,7.81818,0.0409836,0.254098,0.330645,0.298387,12.1818,14.5455,9.27273,6.54545
5050,EAX,0,1,0.328,8.18182,0.057377,0.336066,0.304,0.344,10.9091,12.9091,6.36364,9.09091
5100,EAX,0,1,0.392,12.3636,0.057377,0.360656,0.472,0.4,10,15.8182,13.4545,9.45455
5150,EAX,0,0,0.352,9.81818,0.344262,0.057377,0.362903,0.314516,14.5455,10,12,11.4545
5200,EAX,0,1,0.376,9.63636,0.131148,0.262295,0.32,0.456,14,12.1818,11.0909,10.9091
5250,EAX,0,0,0.448,10.9091,0.0406504,0.439024,0.241935,0.379032,6.90909,13.4545,8.90909,14
5300,EAX,0,0,0.416,12.1818,0.0491803,0.393443,0.370968,0.370968,10,15.4545,13.4545,10.7273
5350,EAX,0,0,0.488,12.5455,0.303279,0.213115,0.41129,0.419355,13.2727,17.2727,13.2727,15.4545
5400,EAX,0,0,0.384,12.1818,0.0737705,0.327869,0.274194,0.379032,11.0909,15.4545,10,9.81818
5450,EAX,0,1,0.32,7.09091,0.057377,0.311475,0.376,0.4,10,13.0909,10.9091,12
5500,EAX,0,0,0.344,8.72727,0.0409836,0.327869,0.322581,0.330645,10.7273,13.8182,11.0909,11.8182
5550,EAX,0,0,0.368,8.54545,0.327869,0.0819672,0.392,0.248,12.5455,10.1818,11.8182,9.27273
5600,EAX,0,0,0.4,12.7273,0.0491803,0.368852,0.290323,0.379032,10.1818,16.9091,10.9091,11.8182
5650,EAX,0,0,0.328,8.36364,0.122951,0.221311,0.352,0.216,13.4545,12.1818,9.09091,4.90909
5700,EAX,0,0,0.312,7.09091,0.0737705,0.295082,0.370968,0.258065,10.1818,13.6364,11.6364,9.09091
5750,EAX,0,0,0.362903,12.1818,0.0325203,0.357724,0.209677,0.33871,8.36364,15.8182,4.54545,11.8182
5800,EAX,0,0,0.408,10.9091,0.0491803,0.393443,0.395161,0.362903,10.1818,17.4545,14.9091,13.6364
5850,EAX,0,0,0,0,0,0,0,0,0,0,0,0
5900,EAX,0,0,0.44,11.6364,0.360656,0.180328,0.432,0.288,17.6364,13.4545,12.3636,6.72727
5950,EAX,0,0,0.370968,12.1818,0.0409836,0.360656,0.424,0.344,7.81818,14.9091,10,9.81818
6000,EAX,0,0,0.36,10,0.0491803,0.360656,0.354839,0.354839,10.1818,17.8182,11.8182,12.1818
6050,EAX,0,0,0.408,12.7273,0.270492,0.180328,0.298387,0.33871,16.9091,14.1818,10.3636,9.81818
6100,EAX,0,0,0.256,8.54545,0.0894309,0.227642,0.274194,0.282258,8.90909,12.7273,11.2727,8
6150,EAX,0,0,0.44,12,0.385246,0.0901639,0.427419,0.403226,15.4545,10.7273,11.6364,13.8182
6200,EAX,0,0,0.384,10.7273,0.0491803,0.352459,0.290323,0.298387,10.1818,16,10.1818,12
6250,EAX,0,0,0.28,7.81818,0.0327869,0.270492,0.387097,0.379032,10,13.4545,12.3636,11.2727
6300,EAX,0,0,0.312,7.45455,0.270492,0.0737705,0.282258,0.33871,14,10.1818,9.27273,12
6350,EAX,0,0,0.184,3.27273,0.0409836,0.188525,0.362903,0.33871,15.2727,14.1818,13.0909,12.3636
6400,EAX,0,1,0.432,11.2727,0.0491803,0.42623,0.256,0.392,10,15.6364,8.18182,10
6450,EAX,0,0,0.368,10.5455,0.0327869,0.360656,0.387097,0.274194,10,13.6364,11.0909,10.1818
6500,EAX,0,1,0.4,9.45455,0.0409836,0.377049,0.392,0.432,10.1818,16.5455,11.4545,12.7273
6550,EAX,0,0,0.36,11.0909,0.0409836,0.336066,0.376,0.4,10.1818,15.4545,11.4545,10.3636
6600,EAX,0,1,0.395161,10.3636,0.122951,0.327869,0.408,0.384,13.4545,17.0909,13.0909,11.6364
6650,EAX,0,0,0.266129,9.09091,0.0327869,0.286885,0.25,0.306452,8,16,3.63636,8.36364
6700,EAX,0,1,0.336,10.3636,0.147541,0.221311,0.392,0.336,14.5455,14.1818,7.81818,9.45455
6750,EAX,0,0,0.32,10.1818,0.0409836,0.327869,0.33871,0.282258,10.1818,15.8182,12.9091,14.3636
6800,EAX,0,1,0.368,11.0909,0.0409836,0.344262,0.376,0.336,9.63636,15.4545,11.2727,10.5455
6850,EAX,0,0,0.384,10.7273,0.0327869,0.368852,0.362903,0.306452,10.1818,15.2727,14.1818,11.6364
6900,EAX,0,0,0.24,7.09091,0.0731707,0.195122,0.387097,0.41129,13.0909,10.3636,13.0909,12.3636
6950,EAX,0,1,0.346774,10.7273,0.0409836,0.336066,0.272,0.384,7.63636,15.8182,10.7273,9.63636
7000,EAX,0,0,0.312,6.72727,0.180328,0.172131,0.322581,0.346774,15.4545,15.4545,10,10.7273
7050,EAX,0,0,0.424,8.18182,0.172131,0.319672,0.387097,0.41129,16.9091,16.9091,14,13.0909
7100,EAX,0,0,0.4,10.3636,0.0901639,0.336066,0.241935,0.403226,10,15.8182,9.09091,10.7273
7150,EAX,0,0,0.36,9.45455,0.0650407,0.357724,0.354839,0.298387,8.90909,13.6364,12.5455,10.5455
7200,EAX,0,1,0.384,12.9091,0.0406504,0.390244,0.368,0.416,7.63636,15.2727,9.81818,10
7250,EAX,0,1,0.344,5.81818,0.0327869,0.327869,0.416,0.344,10.5455,14.9091,12.9091,10
7300,EAX,0,0,0.232,6,0.0409836,0.229508,0.306452,0.314516,10.1818,12.3636,8.18182,9.81818
7350,EAX,0,0,0.144,2.54545,0.0322581,0.153226,0.274194,0.282258,7.27273,8.54545,7.81818,8.36364
7400,EAX,0,0,0.328,6.72727,0.221311,0.180328,0.32,0.288,12.5455,15.0909,8.54545,7.63636
7450,EAX,0,0,0.384,9.81818,0.0491803,0.377049,0.282258,0.330645,14,15.2727,11.4545,12.1818
7500,EAX,0,0,0.44,14.7273,0.0406504,0.455285,0.314516,0.322581,7.81818,17.2727,10,12.9091
7550,EAX,0,1,0.208,3.81818,0.0409836,0.204918,0.28,0.336,9.81818,11.6364,6,8.72727
7600,EAX,0,0,0,0,0,0,0,0,0,0,0,0
7650,EAX,0,1,0.296,6.54545,0.245902,0.0983607,0.336,0.352,10.9091,12.7273,6.54545,7.81818
7700,EAX,0,1,0.36,8.36364,0.0901639,0.303279,0.376,0.368,10,16,9.81818,9.63636
7750,EAX,0,0,0.344,11.4545,0.0409836,0.336066,0.346774,0.330645,15.2727,14.5455,10.7273,10.3636
7800,EAX,0,0,0.328,8.72727,0.172131,0.180328,0.33871,0.193548,11.4545,13.2727,11.8182,6.90909
7850,EAX,0,1,0.384,10.5455,0.0409836,0.368852,0.304,0.432,10.7273,17.0909,6.54545,12.5455
7900,EAX,0,0,0.408,14.5455,0.344262,0.0901639,0.362903,0.25,15.0909,13.8182,14.5455,7.27273
7950,EAX,0,0,0.408,12.3636,0.368852,0.057377,0.376,0.288,16.7273,10.1818,11.6364,5.09091
8000,EAX,0,1,0.28,7.81818,0.0409836,0.270492,0.312,0.336,10.1818,14.7273,9.45455,10.7273
8050,EAX,0,0,0.36,12.3636,0.131148,0.262295,0.354839,0.193548,10.5455,14.3636,12.5455,7.09091
8100,EAX,0,0,0.304,12,0.0325203,0.317073,0.290323,0.419355,7.45455,15.0909,6.72727,14.1818
8150,EAX,0,1,0.28,6,0.0406504,0.292683,0.336,0.296,9.45455,11.4545,8,6.36364
8200,EAX,0,0,0.352,10.1818,0.057377,0.319672,0.258065,0.354839,10,15.4545,9.27273,11.8182
8250,EAX,0,0,0.392,9.45455,0.0894309,0.357724,0.322581,0.330645,11.4545,13.2727,12.1818,11.2727
8300,EAX,0,0,0.368,12,0.0245902,0.368852,0.306452,0.306452,10.1818,16.9091,12.1818,10.7273
8350,EAX,0,1,0.4,12,0.0650407,0.382114,0.36,0.384,12,16.3636,10.7273,9.81818
8400,EAX,0,0,0.36,7.09091,0.336066,0.0491803,0.379032,0.354839,16,14,11.2727,10.7273
8450,EAX,0,0,0.24,6,0.204918,0.0655738,0.395161,0.346774,14.9091,13.6364,13.0909,13.6364
8500,EAX,0,0,0.36,9.45455,0.352459,0.0245902,0.4,0.344,13.0909,10,13.4545,10.1818
8550,EAX,0,0,0.32,8.54545,0.0409836,0.311475,0.282258,0.322581,14,15.0909,8.54545,8.90909
8600,EAX,0,0,0.304,9.63636,0.0491803,0.270492,0.346774,0.330645,10.1818,11.4545,9.27273,9.27273
8650,EAX,0,0,0.274194,8.18182,0.0243902,0.276423,0.298387,0.322581,6.72727,12.9091,8.18182,10.3636
8700,EAX,0,0,0.432,9.81818,0.0983607,0.360656,0.298387,0.33871,14.5455,14.1818,9.45455,9.63636
8750,EAX,0,0,0.403226,9.81818,0.0409836,0.377049,0.282258,0.435484,7.63636,13.0909,7.45455,13.6364
8800,EAX,0,0,0.330645,13.0909,0.0491803,0.327869,0.314516,0.354839,8.18182,16.9091,7.81818,12.3636
8850,EAX,0,1,0.408,9.81818,0.377049,0.0819672,0.344,0.344,15.8182,11.0909,10.9091,8.36364
8900,EAX,0,0,0.328,7.63636,0.0645161,0.322581,0.306452,0.370968,9.27273,7.81818,11.0909,8
8950,EAX,0,1,0.312,10.1818,0.0409836,0.286885,0.264,0.312,9.81818,12.3636,6,12.9091
9000,EAX,0,1,0.424,8.72727,0.204918,0.245902,0.424,0.2,14.3636,10.7273,13.0909,7.09091
9050,EAX,0,0,0.392,8.36364,0.336066,0.122951,0.298387,0.233871,17.4545,16.3636,10,8.54545
9100,EAX,0,0,0.336,9.27273,0.0819672,0.295082,0.314516,0.346774,10.7273,17.6364,10.9091,12.7273
9150,EAX,0,0,0.36,10.3636,0.196721,0.229508,0.427419,0.451613,13.8182,12.5455,12.3636,12.5455
9200,EAX,0,1,0.344,12,0.0409836,0.336066,0.24,0.36,14,16,4.90909,11.6364
9250,EAX,0,0,0.296,8,0.106557,0.221311,0.314516,0.427419,10,13.2727,9.63636,13.0909
9300,EAX,0,0,0.376,11.2727,0.106557,0.377049,0.346774,0.306452,12.1818,15.2727,6.72727,9.09091
9350,EAX,0,1,0.344,9.63636,0.0819672,0.270492,0.288,0.32,11.8182,12.9091,6.18182,8
9400,EAX,0,0,0.384,9.45455,0.0901639,0.327869,0.28,0.376,10,14,8.72727,12.1818
9450,EAX,0,0,0.33871,8.72727,0.0491803,0.311475,0.330645,0.290323,8.90909,14.9091,12.5455,10.1818
9500,EAX,0,1,0.416,11.0909,0.0409836,0.409836,0.376,0.328,10,14.3636,9.45455,11.8182
9550,EAX,0,1,0.336,11.8182,0.262295,0.0983607,0.392,0.344,14.1818,13.6364,11.2727,7.09091
9600,EAX,0,0,0.336,7.09091,0.0737705,0.278689,0.306452,0.33871,10.1818,14,9.63636,12
9650,EAX,0,0,0.384,12.7273,0.0491803,0.360656,0.298387,0.298387,10.1818,16.1818,14.9091,8.72727
9700,EAX,0,0,0.424,13.8182,0.057377,0.393443,0.370968,0.346774,10.1818,17.2727,12.5455,11.0909
9750,EAX,0,0,0.368,8.90909,0.0491803,0.344262,0.241935,0.306452,10.1818,15.8182,4.90909,9.09091
9800,EAX,0,0,0.395161,10.7273,0.0327869,0.385246,0.354839,0.306452,7.63636,12.7273,12.7273,9.27273
9850,EAX,0,0,0.304,7.09091,0.0409836,0.278689,0.306452,0.387097,10.1818,15.2727,6.72727,10.5455
9900,EAX,0,0,0.248,3.81818,0.057377,0.229508,0.282258,0.306452,13.8182,11.2727,6.90909,8.54545
9950,EAX,0,0,0.435484,11.6364,0.114754,0.336066,0.225806,0.362903,12.3636,13.0909,5.27273,12.3636
10000,EAX,0,0,0.4,11.2727,0.057377,0.377049,0.33871,0.298387,10.1818,16.3636,10.1818,13.2727
10050,EAX,0,0,0.304,9.27273,0.0819672,0.262295,0.33871,0.387097,10.3636,15.2727,11.4545,11.0909
10100,EAX,0,0,0.392,13.4545,0.0409836,0.393443,0.379032,0.290323,10.3636,15.4545,9.45455,10
10150,EAX,0,0,0.368,9.63636,0.0409836,0.360656,0.298387,0.33871,10.1818,15.6364,9.09091,11.4545
10200,EAX,0,0,0.4,13.0909,0.0409836,0.385246,0.209677,0.41129,10.1818,16,10.3636,13.4545
10250,EAX,0,0,0.336,13.6364,0.057377,0.336066,0.306452,0.427419,10.1818,18.3636,6.90909,16
10300,EAX,0,0,0.336,11.4545,0.245902,0.155738,0.258065,0.314516,14,13.0909,10,12.3636
10350,EAX,0,1,0.328,8.72727,0.122951,0.237705,0.384,0.408,10.1818,14.1818,9.09091,9.63636
10400,EAX,0,1,0.376,8.72727,0.114754,0.278689,0.256,0.352,11.6364,15.2727,8.36364,9.09091
10450,EAX,0,0,0.216,4.90909,0.0491803,0.180328,0.266129,0.346774,10,11.4545,8.90909,9.63636
10500,EAX,0,0,0.28,5.45455,0.0409836,0.245902,0.322581,0.346774,10,13.8182,12.1818,10.5455
10550,EAX,0,1,0.288,6.54545,0.0409836,0.270492,0.272,0.312,10,14.9091,6.36364,6
10600,EAX,0,0,0.36,10.5455,0.336066,0.0819672,0.395161,0.346774,14.7273,15.2727,12.5455,12.1818
10650,EAX,0,0,0.48,10.7273,0.057377,0.467213,0.290323,0.403226,11.4545,17.0909,7.27273,10
10700,EAX,0,0,0.416,11.0909,0.393443,0.057377,0.344,0.448,16.3636,10.7273,11.6364,11.6364
10750,EAX,0,0,0.424,10.9091,0.0325203,0.414634,0.282258,0.362903,14.9091,16,8.54545,11.6364
10800,EAX,0,0,0.328,10.1818,0.0655738,0.303279,0.41129,0.395161,14,15.6364,11.0909,11.2727
10850,EAX,0,0,0.288,6,0.0491803,0.270492,0.290323,0.362903,10.5455,13.8182,9.27273,10.7273
10900,EAX,0,0,0.352,11.4545,0.0409836,0.360656,0.306452,0.370968,10,17.4545,8.90909,12
10950,EAX,0,0,0.336,8.36364,0.0737705,0.311475,0.379032,0.387097,11.2727,12.9091,11.0909,12.5455
11000,EAX,0,0,0.312,10,0.057377,0.303279,0.322581,0.379032,12,15.6364,11.2727,12.5455
11050,EAX,0,1,0.336,12.1818,0.0737705,0.278689,0.304,0.304,14.9091,16.7273,7.45455,10.5455
11100,EAX,0,1,0.416,10.5455,0.0245902,0.393443,0.392,0.344,10.1818,14.9091,12.9091,9.09091
11150,EAX,0,1,0.248,5.27273,0.0983607,0.172131,0.272,0.336,11.6364,14,6.54545,10
11200,EAX,0,1,0.376,11.4545,0.0409836,0.360656,0.392,0.32,14,18,10.1818,11.4545
11250,EAX,0,0,0.36,9.81818,0.0409836,0.336066,0.282258,0.298387,11.4545,14.7273,7.63636,8.18182
11300,EAX,0,0,0.416,13.2727,0.0327869,0.401639,0.33871,0.387097,10.1818,18.3636,7.81818,12.9091
11350,EAX,0,0,0.387097,12.1818,0.0409836,0.385246,0.395161,0.354839,7.63636,15.4545,9.45455,8.90909
11400,EAX,0,0,0.096,1.63636,0.106557,0.0491803,0.330645,0.298387,10.3636,10.1818,9.81818,9.45455
11450,EAX,0,1,0.336,9.27273,0.0491803,0.336066,0.256,0.28,10,13.4545,7.27273,5.63636
11500,EAX,0,0,0.328,8.36364,0.057377,0.303279,0.376,0.368,15.2727,13.8182,8.72727,7.81818
11550,EAX,0,0,0.328,9.63636,0.057377,0.319672,0.354839,0.314516,10.1818,14.1818,11.8182,12.7273
11600,EAX,0,0,0.32,6.36364,0.057377,0.303279,0.298387,0.258065,10,12,6.36364,6
11650,EAX,0,0,0.33871,8.54545,0.0325203,0.341463,0.322581,0.290323,10,13.6364,8.54545,9.09091
11700,EAX,0,1,0.362903,11.2727,0.0327869,0.344262,0.328,0.344,8.36364,15.0909,12.3636,10.7273
11750,EAX,0,0,0.4,12.3636,0.327869,0.0901639,0.330645,0.282258,15.8182,10.7273,8.90909,9.09091
11800,EAX,0,0,0.392,12.5455,0.196721,0.213115,0.328,0.384,10.9091,14.9091,7.81818,11.6364
11850,EAX,0,0,0.416,10.3636,0.057377,0.385246,0.424,0.4,10,16.1818,13.0909,10.7273
11900,EAX,0,0,0.312,8.36364,0.057377,0.270492,0.376,0.272,11.0909,15.0909,10.3636,5.27273
11950,EAX,0,0,0.256,8.72727,0.0409836,0.254098,0.322581,0.322581,14.7273,15.0909,6.90909,10.7273
12000,EAX,0,0,0.384,10.1818,0.0487805,0.390244,0.290323,0.395161,14.7273,16.5455,8.54545,10.1818
12050,EAX,0,0,0.312,12,0.0409836,0.303279,0.225806,0.258065,10,14.3636,10.9091,4.90909
12100,EAX,0,0,0.376,11.8182,0.0901639,0.319672,0.33871,0.282258,11.4545,16.3636,12.3636,9.63636
12150,EAX,0,0,0.346774,13.0909,0.0409836,0.368852,0.282258,0.330645,7.63636,16.3636,7.09091,12.5455
12200,EAX,0,0,0.344,10.1818,0.0409836,0.336066,0.346774,0.346774,10.1818,15.2727,9.63636,13.6364
12250,EAX,0,1,0.28,7.45455,0.172131,0.180328,0.432,0.32,12.5455,12.9091,10.1818,10.9091
12300,EAX,0,1,0.328,9.09091,0.0409836,0.303279,0.32,0.376,10.5455,16.1818,8.72727,9.63636
12350,EAX,0,0,0.408,9.81818,0.0409836,0.409836,0.33871,0.370968,12.3636,17.2727,8.90909,12.3636
12400,EAX,0,1,0.392,8.90909,0.0737705,0.344262,0.32,0.4,10.9091,14.9091,6.72727,9.27273
12450,EAX,0,1,0.392,9.45455,0.0655738,0.377049,0.344,0.336,11.0909,15.6364,10.3636,12.3636
12500,EAX,0,1,0.336,8.36364,0.106557,0.245902,0.408,0.416,10.9091,14,9.09091,10.9091
12550,EAX,0,0,0.36,9.09091,0.0409836,0.344262,0.362903,0.354839,10.3636,16.9091,13.2727,11.2727
12600,EAX,0,0,0.4,8.72727,0.180328,0.237705,0.33871,0.290323,11.0909,14.9091,9.81818,11.2727
12650,EAX,0,0,0.272,5.81818,0.245902,0.0655738,0.370968,0.354839,11.6364,10.5455,11.2727,9.09091
12700,EAX,0,1,0.368,9.63636,0.0491803,0.344262,0.392,0.4,14,17.0909,10.1818,11.6364
12750,EAX,0,1,0.392,7.09091,0.0327869,0.393443,0.24,0.352,10.1818,14.5455,2.90909,7.81818
12800,EAX,0,0,0.264,5.63636,0.0409836,0.245902,0.272,0.36,10.1818,15.8182,7.27273,8
12850,EAX,0,0,0.376,13.2727,0.0409836,0.368852,0.346774,0.346774,13.8182,16.7273,12,10.9091
12900,EAX,0,1,0.272,7.45455,0.0409836,0.270492,0.296,0.352,10.1818,14.1818,10.1818,10.5455
12950,EAX,0,0,0.24,4,0.204918,0.106557,0.314516,0.346774,15.6364,11.0909,12.1818,14
13000,EAX,0,0,0.392,9.45455,0.0655738,0.377049,0.395161,0.362903,10,13.2727,12.9091,10.7273
13050,EAX,0,0,0.4,11.2727,0.0409836,0.377049,0.354839,0.306452,10.1818,17.4545,11.8182,8.72727
13100,EAX,0,1,0.32,7.27273,0.0491803,0.303279,0.336,0.32,13.8182,15.6364,7.45455,6.90909
13150,EAX,0,0,0.424,12.1818,0.130081,0.325203,0.330645,0.362903,15.2727,15.0909,12,10
13200,EAX,0,0,0.344,10.1818,0.0327869,0.319672,0.33871,0.370968,10,15.6364,11.6364,11.8182
13250,EAX,0,0,0.344,8.72727,0.0409836,0.327869,0.282258,0.298387,14,16.9091,9.81818,10
13300,EAX,0,0,0.376,9.09091,0.368852,0.0491803,0.392,0.4,17.0909,11.8182,11.6364,13.6364
13350,EAX,0,0,0.368,8.36364,0.0491803,0.344262,0.298387,0.314516,14,14,9.09091,7.81818
13400,EAX,0,0,0.272,6.18182,0.113821,0.203252,0.33871,0.379032,8,8,12.3636,13.6364
13450,EAX,0,1,0.354839,6.90909,0.0491803,0.344262,0.32,0.368,8.18182,12,11.0909,10.1818
13500,EAX,0,0,0.432,12.3636,0.0491803,0.409836,0.290323,0.354839,10.1818,17.0909,11.6364,14
13550,EAX,0,0,0.304,6.90909,0.196721,0.131148,0.274194,0.258065,10.3636,14.5455,9.63636,9.45455
13600,EAX,0,0,0.304,4.90909,0.196721,0.147541,0.314516,0.322581,11.8182,10.5455,10.5455,11.8182
13650,EAX,0,0,0.296,9.45455,0.0983607,0.221311,0.282258,0.298387,14,16.5455,11.4545,7.45455
13700,EAX,0,1,0.322581,10.7273,0.0655738,0.286885,0.376,0.368,8.54545,14.1818,11.0909,13.2727
13750,EAX,0,0,0.408,11.0909,0.057377,0.42623,0.298387,0.362903,9.45455,14.7273,12.3636,13.6364
13800,EAX,0,0,0.387097,12.9091,0.0327869,0.377049,0.354839,0.362903,7.81818,17.2727,9.81818,10
13850,EAX,0,0,0.384,10.1818,0.0491803,0.377049,0.241935,0.322581,10,17.0909,7.63636,10.9091
13900,EAX,0,0,0.336,12.1818,0.0564516,0.314516,0.314516,0.290323,7.09091,15.4545,14,9.45455
13950,EAX,0,0,0.376,12.3636,0.0409836,0.368852,0.241935,0.395161,14,18,8.36364,13.6364
14000,EAX,0,0,0.376,11.8182,0.237705,0.163934,0.370968,0.346774,15.6364,10.7273,11.0909,12.7273
14050,EAX,0,0,0.344,11.4545,0.0325203,0.341463,0.362903,0.330645,6.54545,14.3636,9.09091,8.72727
14100,EAX,0,0,0.352,9.27273,0.0409836,0.327869,0.346774,0.298387,13.4545,13.6364,7.45455,9.27273
14150,EAX,0,0,0.4,9.09091,0.0737705,0.368852,0.362903,0.387097,10.1818,15.0909,10.3636,12.7273
14200,EAX,0,0,0.416,13.6364,0.0245902,0.418033,0.362903,0.41129,10,15.0909,10.7273,14
14250,EAX,0,0,0.33871,14.1818,0.0325203,0.349593,0.290323,0.274194,9.45455,15.2727,10.7273,11.2727
14300,EAX,0,1,0.416,11.2727,0.057377,0.393443,0.472,0.416,10,15.0909,14.1818,9.63636
14350,EAX,0,0,0.424,11.4545,0.0409836,0.401639,0.346774,0.419355,10.3636,16.5455,11.2727,13.2727
14400,EAX,0,0,0.368,11.2727,0.0491803,0.344262,0.314516,0.362903,10,17.0909,10.5455,12.7273
14450,EAX,0,0,0.408,13.2727,0.057377,0.385246,0.328,0.296,14,15.6364,10.5455,7.63636
14500,EAX,0,0,0.36,10.7273,0.0403226,0.354839,0.290323,0.354839,4.18182,11.0909,9.45455,10.9091
14550,EAX,0,0,0.370968,14,0.0327869,0.360656,0.233871,0.362903,9.27273,14.5455,8,12.1818
14600,EAX,0,0,0.424,10.7273,0.409836,0.0409836,0.379032,0.395161,16.5455,13.8182,11.2727,10.9091
14650,EAX,0,0,0.392,9.27273,0.0409836,0.377049,0.298387,0.354839,14,13.0909,11.0909,11.8182
14700,EAX,0,0,0.28,6.54545,0.0491803,0.245902,0.427419,0.362903,10.5455,11.2727,14.1818,13.6364
14750,EAX,0,0,0.408,9.63636,0.270492,0.155738,0.344,0.376,11.6364,13.0909,11.4545,10.9091
14800,EAX,0,0,0.36,12.3636,0.0409836,0.352459,0.354839,0.346774,10,15.2727,12,10.7273
14850,EAX,0,0,0.368,9.81818,0.0491803,0.336066,0.314516,0.362903,10.3636,15.6364,8.36364,10.5455
14900,EAX,0,0,0.451613,10.1818,0.0325203,0.439024,0.282258,0.370968,8.18182,15.4545,8.36364,10.3636
14950,EAX,0,0,0.4,10.9091,0.057377,0.385246,0.33871,0.362903,10.3636,14,13.4545,11.2727
15000,EAX,0,0,0.408,12.1818,0.0491803,0.393443,0.368,0.344,10.3636,17.2727,9.09091,8.90909
15050,EAX,0,1,0.368,10,0.0491803,0.344262,0.408,0.328,10.3636,15.6364,10.3636,9.27273
15100,EAX,0,0,0.448,11.0909,0.0487805,0.455285,0.306452,0.33871,9.45455,13.2727,10.3636,12
15150,EAX,0,0,0.336,11.8182,0.122951,0.237705,0.354839,0.379032,10.1818,16.9091,11.8182,11.2727
15200,EAX,0,1,0.387097,14.3636,0.057377,0.385246,0.336,0.456,11.6364,17.2727,12,12.3636
15250,EAX,0,1,0.424,10.7273,0.0491803,0.393443,0.376,0.304,12.3636,14,12.9091,10.7273
15300,EAX,0,0,0.354839,12.5455,0.0327869,0.368852,0.290323,0.322581,7.63636,16.1818,9.45455,10.9091
15350,EAX,0,0,0.456,14,0.0409836,0.459016,0.322581,0.314516,13.8182,15.6364,13.8182,9.63636
15400,EAX,0,0,0.376,10,0.0901639,0.319672,0.387097,0.354839,10.1818,15.0909,8,13.4545
15450,EAX,0,0,0.384,10.5455,0.057377,0.344262,0.330645,0.33871,9.27273,14.3636,10,12
15500,EAX,0,0,0.328,8.36364,0.0983607,0.311475,0.33871,0.266129,14.1818,17.0909,9.09091,11.2727
15550,EAX,0,0,0.36,8.18182,0.139344,0.278689,0.427419,0.362903,14.7273,15.0909,14.3636,14.7273
15600,EAX,0,0,0.392,12.9091,0.0409836,0.393443,0.346774,0.379032,14,18.1818,13.2727,10.9091
15650,EAX,0,1,0.384,11.6364,0.0409836,0.368852,0.28,0.376,10.3636,15.2727,6.90909,12.5455
15700,EAX,0,1,0.344,7.81818,0.0409836,0.327869,0.312,0.272,12,12.5455,9.63636,7.09091
15750,EAX,0,1,0.272,4.18182,0.0409836,0.254098,0.36,0.376,10.1818,13.8182,10.1818,9.45455
15800,EAX,0,0,0.344,11.8182,0.0327869,0.336066,0.290323,0.25,10.1818,14,11.4545,11.6364
15850,EAX,0,0,0.4,11.0909,0.0409836,0.377049,0.241935,0.41129,11.6364,15.8182,11.0909,10.5455
15900,EAX,0,0,0.344,11.6364,0.0491803,0.344262,0.379032,0.41129,10,14.3636,10,12.5455
15950,EAX,0,0,0.264,6.18182,0.0491803,0.245902,0.330645,0.306452,10,14,8.54545,8
16000,EAX,0,1,0.4,10.7273,0.0491803,0.368852,0.368,0.384,10,16.7273,8,11.8182
16050,EAX,0,0,0.344,10.7273,0.0487805,0.325203,0.25,0.241935,9.09091,14.5455,7.81818,6.36364
16100,EAX,0,0,0.328,12,0.311475,0.0409836,0.354839,0.33871,18,10,12.1818,9.45455
16150,EAX,0,0,0.330645,10.3636,0.0409836,0.319672,0.314516,0.346774,7.63636,14,11.8182,13.4545
16200,EAX,0,0,0.392,10.3636,0.105691,0.325203,0.274194,0.33871,13.2727,15.6364,10.9091,12.3636
16250,EAX,0,0,0.344,7.81818,0.057377,0.327869,0.330645,0.370968,10.1818,16,9.81818,9.63636
16300,EAX,0,1,0.424,9.81818,0.0409836,0.409836,0.416,0.408,12.9091,15.6364,11.2727,12.3636
16350,EAX,0,0,0.416,11.4545,0.0655738,0.377049,0.370968,0.435484,15.2727,14.7273,8.54545,12.3636
16400,EAX,0,1,0.392,11.4545,0.131148,0.327869,0.392,0.368,13.4545,14.3636,8.72727,11.2727
16450,EAX,0,1,0.296,8.72727,0.0409836,0.278689,0.296,0.392,10,16.1818,6.54545,9.63636
16500,EAX,0,1,0.392,8.18182,0.163934,0.245902,0.352,0.296,12.5455,12.5455,10.5455,13.2727
16550,EAX,0,0,0.408,11.4545,0.0737705,0.360656,0.427419,0.298387,12,17.6364,14.1818,10.3636
16600,EAX,0,1,0.456,12.5455,0.0327869,0.459016,0.44,0.408,10,14.5455,12.9091,10.7273
16650,EAX,0,0,0,0,0,0,0,0,0,0,0,0
16700,EAX,0,0,0.408,11.2727,0.0491803,0.393443,0.306452,0.33871,10.3636,15.4545,12.3636,12.9091
16750,EAX,0,0,0.256,4.36364,0.0409836,0.254098,0.274194,0.290323,11.8182,16.3636,9.45455,10
16800,EAX,0,0,0.296,8.18182,0.237705,0.106557,0.322581,0.370968,16.5455,10.3636,11.4545,12.5455
16850,EAX,0,1,0.36,10.3636,0.0655738,0.327869,0.4,0.376,10,12.9091,8.36364,7.81818
16900,EAX,0,1,0.344,12,0.057377,0.311475,0.232,0.408,10,15.2727,7.63636,11.6364
16950,EAX,0,0,0.408,12.1818,0.0409836,0.401639,0.330645,0.33871,10.3636,16,14.9091,12.1818
17000,EAX,0,0,0.36,10.5455,0.0409836,0.352459,0.395161,0.346774,9.81818,15.8182,14,13.6364
17050,EAX,0,1,0.28,6.72727,0.195122,0.121951,0.304,0.344,10,8.72727,7.45455,9.27273
17100,EAX,0,0,0.352,12.3636,0.0655738,0.319672,0.248,0.312,10.1818,15.6364,10.1818,10.3636
17150,EAX,0,1,0.36,12.3636,0.0409836,0.336066,0.36,0.416,13.6364,16.9091,12,8.18182
17200,EAX,0,1,0.2,5.63636,0.0569106,0.203252,0.392,0.44,6.36364,9.63636,7.81818,9.63636
17250,EAX,0,0,0.28,10.9091,0.0409836,0.270492,0.379032,0.306452,11.8182,13.0909,10.9091,10.1818
17300,EAX,0,0,0.192,4.90909,0.0491803,0.172131,0.282258,0.258065,10.1818,12.5455,12.1818,10.3636
17350,EAX,0,0,0.432,11.8182,0.0327869,0.42623,0.419355,0.354839,10,15.8182,14,10.7273
17400,EAX,0,0,0.064,0.545455,0.0327869,0.0737705,0.25,0.306452,10.1818,10.1818,9.09091,9.27273
17450,EAX,0,0,0.4,10.9091,0.057377,0.368852,0.330645,0.395161,10.1818,16.1818,9.27273,12.7273
17500,EAX,0,0,0.392,9.09091,0.0409836,0.377049,0.272,0.368,10.3636,13.6364,5.09091,7.45455
17550,EAX,0,1,0.368,12,0.057377,0.352459,0.192,0.424,10.1818,14.9091,4.54545,12.5455
17600,EAX,0,0,0.384,10,0.0491803,0.360656,0.427419,0.33871,10,14.9091,14.3636,10.1818
17650,EAX,0,0,0.304,9.09091,0.243902,0.113821,0.330645,0.282258,12.1818,10.7273,9.45455,9.09091
17700,EAX,0,1,0.4,9.63636,0.336066,0.0901639,0.264,0.408,18.1818,13.0909,8.18182,8.90909
17750,EAX,0,0,0.248,6.36364,0.0487805,0.260163,0.33871,0.346774,9.63636,12.3636,10.1818,13.0909
17800,EAX,0,0,0.344,11.6364,0.0409836,0.327869,0.403226,0.33871,10.7273,14.1818,9.45455,11.6364
17850,EAX,0,0,0.376,10.7273,0.0491803,0.344262,0.419355,0.379032,10.1818,15.8182,13.8182,11.8182
17900,EAX,0,1,0.36,11.0909,0.0901639,0.303279,0.352,0.424,13.8182,16.7273,11.6364,11.2727
17950,EAX,0,0,0.336,8.54545,0.0409836,0.319672,0.25,0.330645,10.1818,14.1818,9.63636,13.4545
18000,EAX,0,0,0.352,9.45455,0.163934,0.213115,0.330645,0.403226,10.7273,14,11.8182,14.1818
18050,EAX,0,0,0.232,6.18182,0.163934,0.106557,0.322581,0.306452,10.3636,11.2727,12.1818,9.27273
18100,EAX,0,0,0.176,1.63636,0.0569106,0.186992,0.346774,0.330645,8.36364,8.54545,12.7273,13.2727
18150,EAX,0,0,0.376,9.63636,0.0491803,0.352459,0.209677,0.314516,12,14.9091,5.63636,10.9091
18200,EAX,0,0,0.28,5.27273,0.106557,0.229508,0.336,0.328,11.2727,15.6364,10.9091,10.1818
18250,EAX,0,0,0.352,11.0909,0.163934,0.213115,0.314516,0.314516,12.3636,17.2727,10.7273,8.72727
18300,EAX,0,0,0.368,7.81818,0.057377,0.368852,0.290323,0.330645,11.0909,16.1818,8.18182,9.45455
18350,EAX,0,0,0.306452,7.27273,0.172131,0.163934,0.322581,0.330645,8.36364,14,8.90909,9.63636
18400,EAX,0,0,0.336,8.90909,0.0491803,0.311475,0.330645,0.370968,10.1818,12.7273,10,6.72727
18450,EAX,0,0,0.352,7.63636,0.163934,0.213115,0.225806,0.370968,11.8182,12.9091,6.18182,9.81818
18500,EAX,0,0,0.336,6.90909,0.0491803,0.311475,0.33871,0.354839,10.1818,16.5455,14.1818,12.9091
18550,EAX,0,0,0.368,9.09091,0.057377,0.336066,0.25,0.241935,10.7273,15.4545,8.36364,9.45455
18600,EAX,0,1,0.312,10.1818,0.221311,0.122951,0.28,0.312,14,15.6364,8,10.9091
18650,EAX,0,0,0,0,0,0,0,0,0,0,0,0
18700,EAX,0,1,0.264,6.18182,0.0737705,0.221311,0.368,0.408,10,11.4545,10.3636,10.9091
18750,EAX,0,0,0.352,8.72727,0.0409836,0.336066,0.274194,0.387097,11.2727,14.3636,7.63636,10.3636
18800,EAX,0,1,0.312,8.18182,0.0409836,0.303279,0.32,0.392,14,15.2727,12.9091,10.1818
18850,EAX,0,0,0.24,4.54545,0.155738,0.114754,0.241935,0.290323,12.9091,15.4545,8.72727,7.81818
18900,EAX,0,0,0.290323,10,0.0327869,0.278689,0.330645,0.306452,10.3636,12.9091,10.5455,8
18950,EAX,0,0,0.443548,10.3636,0.0409836,0.434426,0.25,0.419355,8,15.4545,9.27273,13.4545
19000,EAX,0,0,0.424,8.36364,0.0406504,0.422764,0.435484,0.322581,10,13.4545,10.7273,8.72727
19050,EAX,0,0,0.44,13.6364,0.0409836,0.418033,0.408,0.36,13.0909,17.0909,9.27273,9.09091
19100,EAX,1,1,0,0,0,0,0,0,0,0,0,0
19150,EAX,0,1,0.217742,6.90909,0.106557,0.139344,0.392,0.376,10.5455,10.7273,13.8182,10.9091
19200,EAX,0,0,0.44,12.7273,0.0406504,0.439024,0.346774,0.282258,10.3636,16,11.2727,11.2727
19250,EAX,0,0,0.4,15.8182,0.0327869,0.393443,0.33871,0.274194,10.1818,17.2727,14.3636,6.54545
19300,EAX,0,0,0.408,12.3636,0.0409836,0.401639,0.379032,0.395161,10,15.0909,12.5455,14.1818
19350,EAX,0,0,0.346774,12.1818,0.0983607,0.303279,0.298387,0.370968,8.36364,17.2727,10.5455,12.9091
19400,EAX,0,0,0.403226,12.3636,0.0413223,0.380165,0.298387,0.403226,12.5455,18.5455,12.1818,13.4545
19450,EAX,0,0,0.336,6.90909,0.0409836,0.327869,0.330645,0.314516,14,12.9091,9.27273,9.63636
19500,EAX,0,0,0.336,10.9091,0.0409836,0.327869,0.274194,0.25,14,16.5455,12.5455,10.9091
19550,EAX,0,0,0.4,10.5455,0.0901639,0.336066,0.330645,0.362903,9.81818,15.0909,12.9091,14.3636
19600,EAX,0,0,0.379032,12.5455,0.319672,0.0737705,0.33871,0.330645,16.1818,8.54545,12,13.4545
19650,EAX,0,0,0.4,11.6364,0.245902,0.172131,0.314516,0.298387,14.5455,13.6364,9.81818,11.2727
19700,EAX,0,0,0.344,8,0.0409836,0.327869,0.379032,0.330645,10.1818,12.9091,11.0909,12.5455
19750,EAX,0,0,0.376,10,0.352459,0.0491803,0.362903,0.362903,14.5455,10.3636,10.7273,11.0909
19800,EAX,0,0,0.28,10.7273,0.0487805,0.276423,0.346774,0.322581,9.45455,14.5455,11.8182,8.72727
19850,EAX,0,0,0.296,6.72727,0.262295,0.114754,0.282258,0.274194,15.0909,14,11.4545,8.54545
19900,EAX,0,0,0.304,10,0.057377,0.286885,0.209677,0.370968,10,16,5.27273,11.0909
19950,EAX,0,0,0.392,10.1818,0.0406504,0.406504,0.266129,0.298387,8.72727,12.7273,6.90909,7.27273
20000,EAX,0,0,0.384,9.27273,0.0569106,0.341463,0.258065,0.282258,12,11.0909,11.4545,9.09091
20050,EAX,0,0,0.370968,10.3636,0.0327869,0.360656,0.298387,0.33871,10.5455,15.8182,9.81818,11.2727
20100,EAX,0,0,0.32,7.81818,0.0409836,0.303279,0.216,0.312,14,15.6364,6.18182,10.9091
20150,EAX,0,0,0.376,9.81818,0.106557,0.295082,0.32,0.392,11.4545,17.6364,6.72727,9.09091
20200,EAX,0,0,0.336,8.18182,0.0409836,0.327869,0.33871,0.201613,15.2727,14.1818,9.45455,7.81818
20250,EAX,0,1,0.4,11.6364,0.0491803,0.385246,0.384,0.376,10,16.1818,10.5455,12.9091
20300,EAX,0,0,0.304,6,0.0406504,0.300813,0.290323,0.33871,8.54545,11.2727,13.2727,13.0909
20350,EAX,0,0,0.328,8,0.131148,0.213115,0.379032,0.346774,12.3636,13.4545,9.09091,13.4545
20400,EAX,0,0,0.384,9.09091,0.0409836,0.368852,0.290323,0.33871,14.1818,15.4545,10.3636,13.0909
20450,EAX,0,0,0.32,11.4545,0.0409836,0.319672,0.296,0.296,10.3636,15.8182,8,11.8182
20500,EAX,0,1,0.376,6.72727,0.0409836,0.368852,0.304,0.4,12.5455,16.1818,8.54545,9.27273
20550,EAX,0,0,0.224,5.45455,0.0409836,0.221311,0.290323,0.274194,9.81818,11.6364,5.27273,8.18182
20600,EAX,0,0,0.36,11.2727,0.0409836,0.344262,0.403226,0.33871,11.2727,17.6364,13.8182,12.1818
20650,EAX,0,0,0.392,9.27273,0.0737705,0.368852,0.258065,0.395161,10.1818,15.2727,9.81818,10.1818
20700,EAX,0,0,0.416,12.5455,0.0491803,0.393443,0.370968,0.370968,10.1818,14.5455,8.90909,11.8182
20750,EAX,0,0,0.248,6.54545,0.057377,0.213115,0.368,0.336,10.1818,13.6364,8.72727,9.27273
20800,EAX,0,0,0.248,9.63636,0.0409836,0.245902,0.258065,0.354839,12.5455,15.8182,9.81818,12.9091
20850,EAX,0,1,0.488,12.7273,0.0655738,0.442623,0.424,0.32,10.1818,16.5455,11.2727,8.90909
20900,EAX,0,0,0.344,13.0909,0.278689,0.0819672,0.330645,0.274194,14,12,11.8182,6.72727
20950,EAX,0,0,0.52,12.7273,0.0650407,0.495935,0.370968,0.395161,6.90909,16.5455,9.81818,11.4545
21000,EAX,0,0,0.352,9.09091,0.163934,0.245902,0.354839,0.225806,12.9091,11.4545,10.9091,8.36364
21050,EAX,0,0,0.44,11.0909,0.057377,0.434426,0.362903,0.314516,10.1818,15.4545,9.63636,10.1818
21100,EAX,0,0,0.376,8.90909,0.0325203,0.373984,0.298387,0.274194,10.7273,14.7273,10.9091,12
21150,EAX,0,0,0.451613,14.7273,0.0487805,0.430894,0.306452,0.387097,6.36364,15.4545,8.36364,13.4545
21200,EAX,0,1,0.408,11.8182,0.057377,0.377049,0.392,0.32,15.2727,14.7273,8.90909,10
21250,EAX,0,0,0.36,12.1818,0.0569106,0.349593,0.395161,0.379032,8,15.2727,9.81818,11.4545
21300,EAX,0,0,0.216,3.81818,0.0325203,0.219512,0.322581,0.370968,7.81818,10,10.1818,12.3636
21350,EAX,0,0,0.376,7.45455,0.0491803,0.368852,0.346774,0.370968,13.6364,15.0909,10.5455,10.3636
21400,EAX,0,1,0.304,5.81818,0.0819672,0.237705,0.4,0.352,11.4545,13.6364,11.4545,11.2727
21450,EAX,0,0,0.408,10.7273,0.057377,0.409836,0.403226,0.330645,12.7273,15.0909,14,11.8182
21500,EAX,0,0,0.2,3.27273,0.0737705,0.172131,0.322581,0.354839,10.1818,15.2727,12,11.8182
21550,EAX,0,0,0.416,11.4545,0.0406504,0.414634,0.354839,0.443548,9.27273,16.1818,8,10.7273
21600,EAX,0,0,0.304,4.90909,0.163934,0.188525,0.419355,0.25,11.0909,11.0909,12.3636,9.45455
21650,EAX,0,0,0.328,12,0.0491803,0.311475,0.379032,0.362903,10.1818,16.5455,10,13.6364
21700,EAX,0,0,0.36,6.54545,0.0325203,0.373984,0.346774,0.354839,9.81818,11.8182,10.1818,9.63636
21750,EAX,0,0,0.408,9.63636,0.0491803,0.377049,0.330645,0.403226,11.0909,14.9091,12,12.7273
21800,EAX,0,0,0.416,11.6364,0.0409836,0.409836,0.298387,0.370968,14.1818,16.3636,8.54545,14.1818
21850,EAX,0,1,0.384,12.7273,0.319672,0.131148,0.392,0.28,16.1818,11.4545,12.9091,4.90909
21900,EAX,0,0,0.370968,12.7273,0.0327869,0.377049,0.25,0.370968,8.18182,16.5455,7.09091,11.6364
21950,EAX,0,0,0.328,6.90909,0.0409836,0.319672,0.217742,0.387097,10.3636,14.3636,8.18182,11.4545
22000,EAX,0,1,0.304,9.27273,0.0409836,0.311475,0.344,0.368,14.9091,14.7273,8.36364,8.18182
22050,EAX,0,1,0.368,9.09091,0.0491803,0.344262,0.248,0.392,10.3636,14.1818,7.81818,11.2727
22100,EAX,0,0,0.24,4.72727,0.0409836,0.221311,0.298387,0.314516,10,12.9091,9.27273,9.45455
22150,EAX,0,0,0.304,5.81818,0.0327869,0.295082,0.290323,0.314516,10.1818,14.7273,12.3636,12.1818
22200,EAX,0,0,0.304,8.18182,0.0409836,0.278689,0.33871,0.322581,10,13.8182,13.0909,13.2727
22250,EAX,0,1,0.352,8.54545,0.0409836,0.311475,0.432,0.36,11.4545,15.6364,12.3636,9.81818
22300,EAX,0,0,0.370968,9.81818,0.311475,0.106557,0.274194,0.330645,14,10.1818,7.09091,9.45455
22350,EAX,0,1,0.384,9.63636,0.254098,0.147541,0.368,0.416,10.3636,15.2727,11.4545,10.9091
22400,EAX,0,0,0.376,12.5455,0.245902,0.155738,0.370968,0.362903,14.9091,11.4545,12.7273,9.09091
22450,EAX,0,1,0.376,11.0909,0.0819672,0.352459,0.36,0.456,10.5455,15.0909,7.09091,14
22500,EAX,0,1,0.312,8,0.057377,0.311475,0.312,0.384,10.9091,13.0909,6.90909,8.18182
22550,EAX,0,0,0.416,12.5455,0.057377,0.385246,0.266129,0.451613,10.1818,16.7273,7.63636,13.0909
22600,EAX,0,0,0.448,12.1818,0.180328,0.303279,0.258065,0.314516,10.3636,16.3636,9.27273,11.6364
22650,EAX,0,0,0.392,10.9091,0.0403226,0.387097,0.282258,0.435484,5.63636,12.1818,12,12.7273
22700,EAX,0,0,0.36,10.1818,0.0655738,0.327869,0.306452,0.362903,11.4545,15.8182,8.72727,12.3636
22750,EAX,0,1,0.408,13.6364,0.229508,0.213115,0.392,0.352,13.2727,16.3636,10.1818,8.90909
22800,EAX,0,0,0.344,11.8182,0.0327869,0.336066,0.387097,0.395161,9.81818,15.8182,10.5455,12.9091
22850,EAX,0,0,0.344,10,0.131148,0.254098,0.304,0.336,11.6364,12.9091,7.81818,8
22900,EAX,0,1,0.384,10.7273,0.0409836,0.368852,0.24,0.392,11.2727,16.3636,6.54545,8.90909
22950,EAX,0,0,0.408,13.4545,0.0737705,0.418033,0.362903,0.346774,10.1818,15.4545,13.4545,10.5455
23000,EAX,0,0,0.44,10.9091,0.0409836,0.42623,0.306452,0.330645,12,16.7273,10.9091,11.8182
23050,EAX,0,0,0.48,9.81818,0.0409836,0.47541,0.233871,0.41129,12,18.3636,7.27273,11.0909
23100,EAX,0,0,0.12,1.63636,0.0409836,0.131148,0.451613,0.41129,10,10.3636,12.1818,12.1818
23150,EAX,0,0,0.392,12.7273,0.0983607,0.336066,0.282258,0.459677,12.1818,16.7273,7.45455,12.1818
23200,EAX,0,0,0.344,11.0909,0.057377,0.344262,0.352,0.368,10,16,7.63636,9.27273
23250,EAX,0,0,0.256,5.81818,0.180328,0.114754,0.298387,0.314516,14,14,6.36364,7.63636
23300,EAX,0,0,0.352,7.27273,0.0491803,0.336066,0.387097,0.346774,10,14.9091,12,12.5455
23350,EAX,0,1,0.32,8.54545,0.0409836,0.311475,0.288,0.344,10.1818,14,7.09091,10
23400,EAX,0,0,0.344,9.81818,0.0409836,0.327869,0.344,0.344,14.3636,13.6364,12.3636,7.45455
23450,EAX,0,0,0.408,11.4545,0.0409836,0.418033,0.314516,0.330645,10,14.1818,10.5455,14.1818
23500,EAX,0,1,0.304,10.5455,0.0409836,0.311475,0.24,0.408,10.1818,13.8182,4.72727,12
23550,EAX,0,1,0.288,7.45455,0.270492,0.0491803,0.368,0.304,14.3636,10.3636,9.81818,8
23600,EAX,0,1,0.36,10.1818,0.254098,0.139344,0.376,0.416,14.3636,14.3636,10.9091,12.1818
23650,EAX,0,0,0.272,5.09091,0.0491803,0.270492,0.272,0.224,13.8182,14.5455,4.54545,4.54545
23700,EAX,0,0,0.304,9.09091,0.0406504,0.308943,0.306452,0.354839,9.09091,11.4545,13.0909,12
23750,EAX,0,0,0.32,8.54545,0.163934,0.213115,0.290323,0.322581,14.1818,13.8182,13.6364,12.5455
23800,EAX,0,1,0.376,12,0.221311,0.196721,0.392,0.272,14.9091,13.8182,9.45455,7.81818
23850,EAX,0,0,0.088,2,0.0406504,0.113821,0.217742,0.233871,13.8182,10.3636,9.09091,9.45455
23900,EAX,0,0,0.36,13.4545,0.139344,0.286885,0.306452,0.403226,10.7273,15.0909,9.45455,11.8182
23950,EAX,0,0,0.403226,12.3636,0.303279,0.106557,0.362903,0.33871,12.5455,14,12,9.63636
24000,EAX,0,0,0.336,9.45455,0.0409836,0.327869,0.322581,0.346774,10,16.1818,9.45455,12.3636
24050,EAX,0,0,0.392,9.27273,0.0491803,0.385246,0.266129,0.290323,10.1818,14.1818,12,11.4545
24100,EAX,0,0,0.368,12.7273,0.0491803,0.352459,0.33871,0.346774,10.1818,16.5455,12.9091,11.8182
24150,EAX,0,1,0.28,10.3636,0.0491803,0.254098,0.4,0.368,10.1818,13.0909,10.7273,11.8182
24200,EAX,0,1,0.32,14.7273,0.0409836,0.319672,0.4,0.288,14,16.9091,10.7273,12.5455
24250,EAX,0,0,0.387097,13.6364,0.0327869,0.368852,0.330645,0.314516,7.63636,15.2727,7.81818,10.1818
24300,EAX,0,0,0.387097,14.9091,0.0327869,0.393443,0.36,0.312,7.81818,18,12.1818,8.36364
24350,EAX,0,1,0.248,4.72727,0.0409836,0.254098,0.36,0.296,13.0909,17.2727,9.63636,7.27273
24400,EAX,0,0,0.344,6.54545,0.0655738,0.303279,0.416,0.4,9.81818,13.0909,11.8182,9.63636
24450,EAX,0,1,0.384,9.27273,0.368852,0.0409836,0.336,0.416,15.8182,11.6364,8.72727,11.8182
24500,EAX,0,1,0.264,5.09091,0.147541,0.147541,0.2,0.28,11.6364,12,3.45455,5.81818
24550,EAX,0,0,0.32,10.1818,0.106557,0.262295,0.152,0.32,10,12.1818,1.63636,10.7273
24600,EAX,0,0,0.376,9.63636,0.0655738,0.344262,0.314516,0.233871,14,14.7273,10.9091,9.45455
24650,EAX,0,0,0.408,8.36364,0.0327869,0.401639,0.379032,0.298387,10.9091,16.7273,11.0909,9.81818
24700,EAX,0,0,0.384,11.0909,0.0487805,0.390244,0.274194,0.379032,6.54545,15.0909,8.36364,12.5455
24750,EAX,0,0,0.306452,11.0909,0.0491803,0.336066,0.330645,0.306452,7.63636,13.8182,7.81818,11.8182
24800,EAX,0,0,0.352,7.09091,0.0569106,0.341463,0.290323,0.282258,8.72727,14.9091,10,12.9091
24850,EAX,0,1,0.368,6.90909,0.0409836,0.352459,0.328,0.28,10,14.1818,8.36364,7.09091
24900,EAX,0,1,0.44,12.3636,0.057377,0.42623,0.24,0.496,11.2727,16.5455,4.90909,12.3636
24950,EAX,0,0,0.464,12.3636,0.377049,0.139344,0.362903,0.298387,16.1818,10.9091,11.8182,9.27273
25000,EAX,0,0,0.384,9.81818,0.0325203,0.382114,0.306452,0.387097,10.1818,13.2727,12.7273,12.3636
25050,EAX,0,0,0.368,12.5455,0.0409836,0.368852,0.322581,0.370968,10.1818,16.5455,14.7273,10.7273
25100,EAX,0,0,0.376,10.1818,0.0325203,0.365854,0.322581,0.306452,12.3636,12.9091,10.1818,12.5455
25150,EAX,0,1,0.432,12,0.0737705,0.401639,0.44,0.304,14,17.4545,10.3636,9.45455
25200,EAX,0,0,0.36,9.45455,0.0491803,0.336066,0.306452,0.25,14,15.0909,8.54545,8.36364
25250,EAX,0,0,0.328,14.9091,0.113821,0.292683,0.322581,0.282258,14.3636,11.6364,12,5.81818
25300,EAX,0,0,0.217742,5.63636,0.114754,0.122951,0.376,0.32,11.4545,10.1818,9.27273,9.45455
25350,EAX,0,1,0.376,10.1818,0.106557,0.303279,0.248,0.384,14,16.9091,7.27273,10.9091
25400,EAX,0,1,0.384,9.63636,0.114754,0.303279,0.4,0.416,11.4545,15.0909,10.5455,11.0909
25450,EAX,0,1,0.448,10.9091,0.057377,0.434426,0.432,0.352,10.1818,16.5455,11.4545,12.1818
25500,EAX,0,0,0.408,12.3636,0.0491803,0.401639,0.395161,0.330645,10,17.0909,12.1818,9.63636
25550,EAX,0,1,0.36,11.8182,0.057377,0.336066,0.216,0.392,14,15.6364,4.36364,13.8182
25600,EAX,0,0,0.368,12.3636,0.0737705,0.319672,0.312,0.376,10,17.0909,9.81818,14.3636
25650,EAX,0,0,0.336,11.4545,0.311475,0.057377,0.314516,0.314516,17.2727,10.7273,12.3636,12.3636
25700,EAX,0,0,0.464,12.5455,0.122951,0.368852,0.330645,0.41129,11.8182,15.2727,12.9091,12.1818
25750,EAX,0,0,0.224,4.36364,0.0491803,0.221311,0.306452,0.330645,10.3636,10.7273,9.09091,10.1818
25800,EAX,0,1,0.384,11.8182,0.0491803,0.368852,0.296,0.4,10.1818,15.4545,8.90909,10.9091
25850,EAX,0,0,0.416,12.7273,0.0409836,0.393443,0.419355,0.354839,12,16.5455,14.7273,11.8182
25900,EAX,0,0,0.344,13.2727,0.0409836,0.327869,0.387097,0.354839,11.4545,14.1818,11.6364,13.4545
25950,EAX,0,0,0.392,10.1818,0.0569106,0.390244,0.362903,0.282258,6.72727,13.2727,10.7273,9.27273
26000,EAX,0,1,0.384,14,0.221311,0.180328,0.384,0.312,16,12,13.6364,9.27273
26050,EAX,0,0,0.368,11.2727,0.147541,0.254098,0.312,0.272,10.7273,14.3636,9.63636,8.54545
26100,EAX,0,0,0.392,8,0.057377,0.393443,0.241935,0.346774,10.1818,13.8182,10.7273,12.5455
26150,EAX,0,1,0.4,10.5455,0.0409836,0.377049,0.288,0.352,10.1818,16.9091,8.18182,10
26200,EAX,0,1,0.368,10.5455,0.188525,0.213115,0.352,0.392,16.7273,16.9091,11.2727,12.3636
26250,EAX,0,0,0.352,8.54545,0.0409836,0.336066,0.322581,0.330645,13.8182,16.5455,10.3636,12.3636
26300,EAX,0,0,0.288,5.63636,0.057377,0.245902,0.354839,0.314516,10.1818,12.9091,9.63636,9.09091
26350,EAX,0,0,0.248,5.63636,0.057377,0.221311,0.184,0.28,14,13.6364,5.09091,6.90909
26400,EAX,0,0,0.456,13.6364,0.196721,0.295082,0.266129,0.387097,11.0909,14.7273,4.90909,13.4545
26450,EAX,0,0,0.368,10.1818,0.0569106,0.357724,0.387097,0.25,6.90909,13.0909,13.4545,6.90909
26500,EAX,0,0,0.4,9.63636,0.057377,0.377049,0.233871,0.41129,12.9091,13.0909,7.45455,11.6364
26550,EAX,0,0,0.4,13.6364,0.0819672,0.336066,0.314516,0.33871,11.0909,14.3636,9.27273,11.8182
26600,EAX,0,0,0.336,7.81818,0.0243902,0.341463,0.322581,0.282258,10,12.9091,13.2727,9.63636
26650,EAX,0,1,0.376,9.45455,0.057377,0.344262,0.328,0.304,10,17.0909,10.7273,7.81818
26700,EAX,0,1,0.368,12.7273,0.057377,0.344262,0.168,0.4,10.3636,18.3636,4.18182,12.9091
26750,EAX,0,0,0.36,14,0.0409836,0.352459,0.314516,0.346774,10,15.2727,11.4545,10.7273
26800,EAX,0,0,0.312,7.81818,0.0819672,0.270492,0.352,0.424,10.9091,13.2727,9.27273,8.90909
26850,EAX,0,0,0.419355,10.7273,0.377049,0.0737705,0.456,0.288,16,12.9091,13.8182,9.81818
26900,EAX,0,1,0.312,5.81818,0.057377,0.319672,0.312,0.328,10,13.0909,6.54545,6.90909
26950,EAX,0,0,0.368,10.9091,0.057377,0.360656,0.379032,0.362903,12.5455,16.1818,12.5455,10
27000,EAX,0,1,0.472,14.3636,0.0491803,0.45082,0.416,0.384,10,16.5455,9.27273,10.7273
27050,EAX,0,1,0.336,7.63636,0.057377,0.311475,0.208,0.336,10.7273,14,3.81818,8.18182
27100,EAX,0,0,0.368,12.9091,0.327869,0.057377,0.370968,0.322581,18.7273,11.2727,11.4545,9.81818
27150,EAX,0,0,0.384,14.3636,0.286885,0.147541,0.346774,0.314516,13.0909,16,12.9091,10.1818
27200,EAX,0,1,0.296,9.09091,0.0409836,0.286885,0.256,0.368,10.3636,14.3636,9.09091,11.8182
27250,EAX,0,0,0.336,11.2727,0.0409836,0.336066,0.354839,0.346774,10,16.9091,12,9.45455
27300,EAX,0,0,0.376,9.45455,0.0409836,0.360656,0.395161,0.322581,15.2727,16.1818,13.8182,10.5455
27350,EAX,0,0,0.384,11.8182,0.0487805,0.373984,0.298387,0.362903,8,16,7.81818,13.4545
27400,EAX,0,0,0.368,12.1818,0.368852,0.0245902,0.330645,0.274194,16.3636,10,12.3636,8.18182
27450,EAX,0,1,0.352,10.7273,0.0409836,0.327869,0.376,0.392,10.1818,17.6364,9.63636,11.2727
27500,EAX,0,1,0.384,10.5455,0.0406504,0.382114,0.328,0.408,8.90909,16.7273,8.36364,11.8182
27550,EAX,0,1,0.432,12.3636,0.155738,0.352459,0.336,0.392,14.7273,18.5455,11.0909,10.3636
27600,EAX,0,0,0.336,7.45455,0.0409836,0.311475,0.28,0.36,10.1818,14.9091,7.09091,7.81818
27650,EAX,0,0,0.424,10.1818,0.0491803,0.401639,0.370968,0.346774,14,15.0909,9.81818,10.7273
27700,EAX,0,0,0.32,6.36364,0.057377,0.295082,0.288,0.336,12,11.2727,7.63636,7.09091
27750,EAX,0,1,0.336,6.90909,0.0737705,0.295082,0.256,0.352,10.1818,11.6364,6.54545,9.27273
27800,EAX,0,0,0.432,9.09091,0.0491803,0.409836,0.379032,0.346774,16.1818,15.8182,13.2727,11.6364
27850,EAX,0,0,0.384,13.0909,0.0406504,0.390244,0.266129,0.41129,13.2727,16.5455,7.81818,11.6364
27900,EAX,0,1,0.272,10,0.172131,0.163934,0.36,0.368,12.1818,11.0909,10.9091,8.54545
27950,EAX,0,0,0.384,10,0.172131,0.254098,0.33871,0.443548,15.6364,12.7273,9.81818,10.9091
28000,EAX,0,0,0.128,1.09091,0.0491803,0.106557,0.306452,0.33871,9.81818,10,8,8.18182
28050,EAX,0,1,0.384,12,0.213115,0.237705,0.328,0.376,12.3636,15.4545,10.9091,7.63636
28100,EAX,0,0,0.306452,10.9091,0.0406504,0.308943,0.258065,0.354839,5.45455,13.6364,5.45455,12.5455
28150,EAX,0,0,0.2,3.09091,0.057377,0.180328,0.322581,0.346774,11.4545,15.4545,12.7273,11.6364
28200,EAX,0,0,0.376,11.2727,0.0409836,0.360656,0.290323,0.33871,10.1818,14.1818,11.0909,12.9091
28250,EAX,0,0,0.368,10.9091,0.172131,0.213115,0.266129,0.419355,14.7273,15.2727,12.1818,11.8182
28300,EAX,0,1,0.4,11.0909,0.180328,0.254098,0.304,0.368,14,18.1818,8.90909,13.8182
28350,EAX,0,0,0.392,8.18182,0.180328,0.237705,0.427419,0.314516,11.0909,12.9091,14.5455,12.7273
