iteration,crossover_type,feasible_before,feasible_after,dist_p1p2_edge,dist_p1p2_pl,edge_p1_before,edge_p2_before,edge_p1_after,edge_p2_after,pl_p1_before,pl_p2_before,pl_p1_after,pl_p2_after
0,GOX,0,0,0.543624,3.28571,0.261745,0.375839,0.402685,0.510067,1.57143,2.57143,2.2381,2.90476
50,UOX,0,0,0.503226,3.57143,0.453947,0.559211,0.539474,0.506579,2.71429,2.71429,2.85714,3
100,UOX,0,0,0.552632,3.38095,0.594771,0.594771,0.453947,0.519737,2.57143,3.14286,2.61905,3
150,GrPX,0,0,0.512987,3.28571,0.173913,0.378882,0.374194,0.470968,1,2.52381,2.2381,3
200,AOX,0,0,0.445161,2.71429,0.374194,0.219355,0.480519,0.396104,2.04762,1.28571,2.66667,2.33333
250,EAX,0,0,0.5,3.04762,0.122302,0.589928,0.582781,0.529801,2.42857,3.90476,3.19048,3.19048
300,GrPX,0,0,0.558442,3.19048,0.36646,0.248447,0.558442,0.324675,2.19048,1.61905,3.09524,2.19048
350,PMX,1,0,0,0,0,0,0.227273,0.227273,0,0,1.28571,1.28571
400,AOX,0,0,0.5,2.71429,0.201299,0.376623,0.37013,0.428571,1.09524,1.90476,2.19048,2.42857
450,GrPX,0,0,0.487013,2.47619,0.329114,0.202532,0.458065,0.4,1.71429,1.09524,2.52381,2.28571
500,GrPX,0,0,0.519481,2.71429,0.2625,0.31875,0.393548,0.406452,1.38095,1.95238,2.33333,2.57143
550,PL,0,0,0.493506,2.7619,0.357143,0.331169,0.5,0.5,1.38095,1.38095,2.66667,2.71429
600,AOX,0,0,0.577922,3.47619,0.402597,0.337662,0.396104,0.474026,2.28571,1.95238,2.33333,3.09524
650,PL,0,0,0.545455,3.09524,0.383117,0.396104,0.535948,0.48366,1.52381,1.57143,3.14286,2.47619
700,GOX,0,0,0.435065,2.14286,0.214286,0.266234,0.376623,0.292208,0.952381,1.61905,1.80952,1.42857
750,GrPX,0,0,0.538961,3.38095,0.335443,0.240506,0.464516,0.490323,1.85714,1.66667,2.7619,3.33333
800,UOX,0,0,0.357143,2.42857,0.350649,0.5,0.318182,0.461039,1.61905,2.52381,1.80952,2.47619
850,OX,0,1,0.597403,3.2381,0.136364,0.584416,0.207792,0.584416,0.666667,3.28571,1.19048,3.38095
900,GOX,0,0,0.636364,3.33333,0.298701,0.448052,0.506494,0.506494,1.7619,2.47619,3,3
950,PL,0,0,0.551948,2.95238,0.37013,0.38961,0.474026,0.506494,1.47619,1.47619,2.80952,2.85714
1000,GrPX,0,0,0.525974,3.19048,0.188679,0.371069,0.341935,0.490323,1.14286,2.52381,2.19048,3.14286
1050,OX,0,0,0.454545,2.2381,0.454545,0,0.454545,0,2.2381,0,2.2381,0
1100,GOX,0,0,0.551948,3.2381,0.318182,0.363636,0.357143,0.506494,1.85714,2.2381,2.19048,3
1150,GrPX,1,1,0.415584,2.2381,0.283019,0.201258,0.333333,0.371795,1.33333,1.28571,1.95238,2.04762
1200,PMX,0,0,0.558442,2.66667,0.266234,0.383117,0.38961,0.487013,1.28571,1.80952,1.90476,2.7619
1250,PL,0,0,0.487013,3.19048,0.383117,0.402597,0.422078,0.37013,1.57143,1.61905,2.52381,2.14286
1300,GrPX,0,0,0.490323,2.90476,0.257862,0.27673,0.432258,0.477419,1.7619,1.61905,2.52381,3.09524
1350,UOX,0,0,0.532468,3.14286,0.512987,0.603896,0.532468,0.525974,2.71429,3.04762,2.90476,2.80952
1400,GOX,0,1,0.577922,3.47619,0.103896,0.545455,0.175325,0.558442,0.571429,3.19048,0.904762,3.28571
1450,PMX,0,0,0.538961,2.95238,0.012987,0.538961,0.0584416,0.532468,0.0952381,3,0.285714,2.90476
1500,EAX,0,0,0.532468,3.04762,0.122302,0.633094,0.506494,0.551948,2.09524,4,2.95238,3.47619
1550,UOX,0,0,0.487013,2.61905,0.519481,0.649351,0.545455,0.480519,2.85714,3.2381,3.2381,2.47619
1600,OX,0,1,0.525974,2.7619,0.181818,0.435065,0.24026,0.435065,0.857143,2.38095,1.33333,2.47619
1650,GOX,0,0,0.480519,2.61905,0.441558,0.207792,0.532468,0.37013,2.38095,1.14286,3,2.09524
1700,PL,0,0,0.545455,3.42857,0.344156,0.448052,0.441558,0.551948,1.71429,1.71429,2.90476,3
1750,LOX,0,0,0.493506,2.66667,0.428571,0.103896,0.487013,0.136364,2.2381,0.52381,2.85714,0.714286
1800,GrPX,0,1,0.516129,2.61905,0.347826,0.186335,0.329032,0.496774,1.66667,1.33333,2.04762,2.7619
1850,AOX,0,1,0.509677,3.14286,0.083871,0.509677,0.109677,0.477419,0.333333,3.2381,0.47619,3.09524
1900,LOX,0,0,0.512987,2.95238,0.493506,0.0649351,0.519481,0.0324675,2.85714,0.285714,3,0.190476
1950,PMX,0,0,0.5,3.09524,0.305195,0.350649,0.474026,0.564935,1.71429,2,2.61905,3.38095
2000,EAX,0,0,0.435065,2.19048,0.121429,0.514286,0.594771,0.542484,1.90476,3.33333,3.14286,3.14286
2050,EAX,0,0,0.506494,2.85714,0.223022,0.517986,0.519481,0.538961,2.61905,4.04762,3,3.14286
2100,PMX,0,0,0.387097,2.28571,0.264516,0.16129,0.258065,0.129032,1.61905,0.857143,1.61905,0.714286
2150,OX,0,0,0.538961,3.19048,0.532468,0.149351,0.5,0.305195,2.90476,0.904762,3.04762,1.85714
2200,LOX,0,0,0.564935,3.47619,0.363636,0.415584,0.441558,0.441558,2,2.7619,2.66667,2.80952
2250,EAX,0,0,0.454545,2.52381,0.122302,0.546763,0.525974,0.564935,2.2381,3.90476,3.33333,3.38095
2300,AOX,0,1,0.535484,3.09524,0.380645,0.303226,0.477419,0.329032,2.14286,1.7619,2.57143,2.2381
2350,GOX,0,0,0.545455,3.19048,0.142857,0.467532,0.246753,0.474026,0.666667,2.85714,1.57143,2.7619
2400,AOX,0,0,0.175325,0.809524,0.142857,0.0519481,0.175325,0,0.619048,0.238095,0.809524,0
2450,PL,0,0,0,0,0,0,0,0,0,0,0,0
2500,GrPX,0,0,0.402597,2.42857,0.189873,0.265823,0.309677,0.432258,1.2381,1.42857,2.09524,2.33333
2550,GrPX,0,1,0.480519,2.52381,0.226415,0.314465,0.380645,0.458065,1.28571,1.47619,2,2.7619
2600,GrPX,0,0,0.532468,3.04762,0.345679,0.222222,0.477419,0.419355,2.09524,1.47619,3.09524,2.2381
2650,GOX,0,1,0.266234,1.52381,0.0779221,0.246753,0.0779221,0.285714,0.52381,1.61905,0.428571,1.7619
2700,GOX,0,0,0.571429,3.52381,0.201299,0.454545,0.480519,0.461039,1.57143,2.66667,2.66667,2.28571
2750,GrPX,1,1,0.461039,3,0.259494,0.246835,0.406452,0.303226,1.47619,1.71429,2.38095,2.09524
2800,AOX,0,1,0.38961,2.14286,0.402597,0.025974,0.428571,0.155844,2.2381,0.285714,2.2381,0.714286
2850,LOX,0,1,0.428571,2.33333,0.136364,0.324675,0.155844,0.285714,0.666667,2,0.904762,1.47619
2900,AOX,1,1,0.461039,2.38095,0.311688,0.207792,0.350649,0.12987,1.47619,1.09524,1.7619,0.714286
2950,LOX,0,0,0.337662,1.80952,0.279221,0.123377,0.363636,0.188312,1.47619,0.666667,2.09524,1.2381
3000,LOX,0,0,0.5,2.7619,0.175325,0.428571,0.227273,0.474026,0.857143,2.28571,1.14286,2.47619
3050,GOX,0,0,0.441558,2.42857,0.363636,0.188312,0.461039,0.331169,2.04762,1.09524,2.61905,1.71429
3100,AOX,0,0,0.538961,3.33333,0.519481,0.162338,0.551948,0.11039,3.14286,0.809524,3.42857,0.714286
3150,OX,0,0,0.616883,3.57143,0.012987,0.623377,0.0974026,0.62987,0.047619,3.57143,0.571429,3.47619
3200,GOX,0,0,0.480519,2.80952,0.37013,0.298701,0.467532,0.396104,2.14286,1.47619,2.52381,2.47619
3250,PL,0,0,0.519481,2.90476,0.383117,0.337662,0.51634,0.529412,1.42857,1.47619,2.85714,2.85714
3300,AOX,0,0,0.577922,3.33333,0.350649,0.25974,0.38961,0.331169,1.90476,1.66667,2.04762,1.95238
3350,PL,0,0,0.454545,2.2381,0.298701,0.311688,0.454545,0.448052,1.09524,1.14286,3.04762,2.7619
3400,PMX,0,0,0.38961,2.04762,0.272727,0.207792,0.285714,0.194805,1.42857,1,1.33333,1.04762
3450,UOX,0,0,0.545455,3.47619,0.461039,0.590909,0.551948,0.506494,2.47619,3.2381,3.33333,2.90476
3500,GrPX,1,1,0.461039,2.38095,0.18125,0.325,0.461538,0.384615,1.04762,1.85714,2.80952,2.66667
3550,AOX,0,1,0.487013,2.80952,0.123377,0.415584,0.149351,0.480519,0.761905,2.42857,0.761905,2.7619
3600,LOX,0,0,0.337662,1.90476,0.188312,0.201299,0.233766,0.246753,0.904762,1.09524,1.04762,1.42857
3650,GrPX,1,1,0.467532,2.71429,0.226415,0.289308,0.406452,0.354839,1.19048,1.71429,2.09524,2.42857
3700,GOX,0,1,0.38961,2.28571,0.409091,0.175325,0.435065,0.155844,2.52381,1.09524,2.71429,0.761905
3750,UOX,0,0,0.162338,0.761905,0.253247,0.266234,0.422078,0.441558,1.09524,1.14286,2.28571,2.33333
3800,UOX,0,0,0.25974,1.2381,0.344156,0.38961,0.292208,0.311688,1.28571,1.66667,1.38095,1.61905
3850,LOX,0,0,0.519481,2.7619,0.38961,0.214286,0.506494,0.292208,2.04762,1.19048,2.71429,1.61905
3900,OX,1,1,0.0844156,0.619048,0,0.0844156,0,0.0844156,0,0.619048,0,0.619048
3950,PL,0,0,0.487013,2.80952,0.396104,0.422078,0.441558,0.480519,1.38095,1.42857,2.52381,2.85714
4000,PMX,0,0,0.331169,1.71429,0.181818,0.246753,0.175325,0.311688,1,1.38095,0.761905,1.66667
4050,GOX,0,0,0.487013,3,0.246753,0.311688,0.311688,0.376623,1.38095,1.7619,1.85714,2.14286
4100,PL,0,0,0.477419,2.52381,0.292208,0.331169,0.532468,0.61039,1.2381,1.28571,2.66667,2.90476
4150,UOX,0,0,0.376623,1.66667,0.383117,0.525974,0.428571,0.461039,1.7619,2.57143,2.38095,2.47619
4200,PMX,0,0,0.227273,1.09524,0.0649351,0.175325,0.0844156,0.188312,0.285714,0.857143,0.380952,0.857143
4250,OX,0,0,0.525974,2.66667,0.188312,0.337662,0.188312,0.337662,1,1.66667,1,1.66667
4300,GOX,0,0,0.525974,2.7619,0.116883,0.493506,0.162338,0.512987,0.571429,2.66667,0.714286,2.61905
4350,OX,0,0,0.571429,3,0.376623,0.266234,0.422078,0.422078,2,1.42857,2.33333,2.2381
4400,PMX,0,0,0.311688,1.85714,0.246753,0.168831,0.246753,0.266234,1.42857,0.857143,1.71429,1.19048
4450,PL,0,0,0.538961,3.14286,0.37013,0.376623,0.571429,0.532468,1.57143,1.57143,3.42857,3
4500,PMX,0,0,0.581699,3.47619,0.38961,0.305195,0.487013,0.474026,2.33333,1.71429,2.90476,2.52381
4550,OX,0,0,0.448052,2.19048,0.409091,0.175325,0.493506,0.279221,2.09524,0.809524,2.33333,1.61905
4600,OX,0,0,0.61039,3.28571,0.603896,0.194805,0.61039,0.409091,3.14286,1.2381,3.14286,2.28571
4650,EAX,0,0,0.331169,1.57143,0.129496,0.438849,0.480519,0.474026,2.04762,3.04762,2.66667,2.7619
4700,EAX,0,0,0.5,2.71429,0.122302,0.589928,0.538961,0.519481,2.28571,3.80952,3.09524,3.04762
4750,GOX,0,1,0.298701,1.61905,0.279221,0.103896,0.253247,0.0454545,1.61905,0.666667,1.38095,0.238095
4800,PMX,0,0,0.272727,1.42857,0.149351,0.149351,0.181818,0.175325,0.761905,0.761905,1,1
4850,UOX,0,0,0.538961,3.19048,0.5,0.584416,0.532468,0.474026,2.95238,3.28571,3.14286,2.95238
4900,UOX,0,0,0.298701,1.57143,0.324675,0.402597,0.253247,0.233766,1.42857,1.95238,1.47619,1.33333
4950,UOX,0,0,0.292208,1.61905,0.311688,0.311688,0.266234,0.272727,1.66667,1.38095,1.52381,1.47619
5000,GrPX,0,0,0.454545,2.61905,0.246835,0.246835,0.4,0.4,1.42857,1.33333,2.19048,2.33333
5050,PL,0,0,0.422078,2.71429,0.311688,0.311688,0.448052,0.5,1.33333,1.38095,3,3.09524
5100,GrPX,1,0,0.435065,2.2381,0.188679,0.327044,0.380645,0.470968,1.04762,1.7619,2.47619,2.85714
5150,AOX,1,1,0.305195,1.71429,0.168831,0.142857,0.175325,0.155844,0.952381,0.761905,1,0.809524
5200,OX,0,0,0.512987,3.04762,0.227273,0.337662,0.454545,0.396104,1.28571,2.04762,2.42857,2.2381
5250,PMX,0,0,0.285714,1.61905,0.0519481,0.253247,0.0454545,0.25974,0.285714,1.38095,0.238095,1.47619
5300,GOX,0,0,0.448052,2.47619,0.279221,0.272727,0.318182,0.37013,1.38095,1.71429,1.61905,2.2381
5350,LOX,0,0,0.532468,2.95238,0.246753,0.396104,0.461039,0.519481,1.38095,2.28571,2.47619,3.14286
5400,OX,0,0,0.435065,2.52381,0.0584416,0.441558,0.324675,0.487013,0.238095,2.42857,1.66667,2.61905
5450,PL,0,0,0.422078,2.2381,0.279221,0.279221,0.428571,0.467532,1.09524,1.14286,2.38095,2.57143
5500,GOX,0,0,0.409091,2.28571,0.233766,0.415584,0.415584,0.435065,1.28571,2.04762,2.33333,2.42857
5550,PMX,0,0,0.551948,3.14286,0.376623,0.324675,0.461039,0.435065,2.04762,1.71429,2.61905,2.52381
5600,EAX,0,0,0.512987,3.33333,0.338129,0.381295,0.551948,0.597403,3.61905,3.85714,3.09524,3.33333
5650,UOX,0,0,0.0454545,0.238095,0.155844,0.162338,0.279221,0.233766,0.809524,0.952381,1.80952,1.57143
5700,LOX,0,1,0.383117,1.90476,0.11039,0.311688,0.0714286,0.37013,0.619048,1.38095,0.333333,1.71429
5750,PL,0,0,0.409091,2.90476,0.324675,0.376623,0.506494,0.422078,1.42857,1.47619,3,2.85714
5800,PL,0,0,0.519481,2.90476,0.376623,0.350649,0.506494,0.506494,1.42857,1.47619,2.95238,2.7619
5850,UOX,0,0,0.467532,2.61905,0.532468,0.525974,0.454545,0.512987,2.71429,2.66667,2.04762,2.57143
5900,GOX,0,0,0.311688,1.71429,0.142857,0.305195,0.155844,0.38961,0.809524,1.71429,1,2.04762
5950,OX,0,0,0.461039,2.47619,0.441558,0.12987,0.461039,0.37013,2.47619,0.619048,2.57143,1.85714
6000,UOX,0,0,0.409091,2.14286,0.480519,0.428571,0.487013,0.474026,2.52381,1.90476,2.66667,3
6050,AOX,0,0,0.525974,3,0.448052,0.227273,0.454545,0.383117,2.66667,1.47619,2.61905,2.04762
6100,UOX,0,0,0.5,2.85714,0.584416,0.597403,0.487013,0.532468,3,2.85714,2.66667,3.19048
6150,GrPX,0,1,0.422078,2.2381,0.21519,0.259494,0.461538,0.49359,1.19048,1.57143,2.71429,3.09524
6200,UOX,0,0,0.506494,2.7619,0.493506,0.616883,0.519481,0.415584,2.38095,3.09524,3.14286,2.38095
6250,AOX,0,0,0.525974,3.19048,0.116883,0.467532,0.0454545,0.532468,0.47619,2.80952,0.238095,3.14286
6300,GOX,0,0,0.474026,2.47619,0.305195,0.227273,0.396104,0.396104,1.85714,1.14286,2.33333,1.7619
6350,UOX,0,0,0.532468,2.90476,0.467532,0.655844,0.564935,0.480519,2.33333,3.38095,2.90476,2.42857
6400,GOX,0,0,0.512987,2.90476,0.337662,0.318182,0.461039,0.435065,1.7619,1.90476,2.52381,2.38095
6450,LOX,1,0,0.376623,1.95238,0.0909091,0.305195,0.103896,0.311688,0.47619,1.52381,0.52381,1.57143
6500,AOX,0,0,0.409091,2.28571,0.266234,0.194805,0.207792,0.292208,1.61905,1.09524,1.2381,1.57143
6550,GOX,0,1,0.246753,1.33333,0.0909091,0.233766,0.11039,0.214286,0.761905,1.28571,0.571429,1.04762
6600,UOX,0,0,0.493506,2.85714,0.584416,0.662338,0.564935,0.525974,2.52381,3.2381,3.33333,3.09524
6650,UOX,0,0,0.409091,2.38095,0.474026,0.525974,0.506494,0.461039,2.52381,2.85714,2.66667,2.7619
6700,GOX,0,0,0.461039,3.04762,0.318182,0.272727,0.5,0.461039,2.28571,1.61905,3.19048,2.57143
6750,LOX,1,1,0.337662,1.90476,0.350649,0.012987,0.337662,0,1.95238,0.047619,1.90476,0
6800,AOX,0,0,0.56129,2.90476,0.483871,0.2,0.535484,0.354839,2.66667,1.04762,3.04762,2
6850,LOX,0,0,0,0,0,0,0,0,0,0,0,0
6900,OX,0,0,0.383117,2.14286,0.188312,0.298701,0.149351,0.25974,1.09524,1.42857,1,1.19048
6950,PMX,1,1,0.188312,0.904762,0.0779221,0.149351,0.0714286,0.116883,0.428571,0.571429,0.428571,0.47619
7000,EAX,0,0,0.564935,3,0.129496,0.633094,0.551948,0.402597,2.09524,4,3.33333,2.47619
7050,EAX,0,0,0.38961,1.95238,0.122302,0.47482,0.477419,0.503226,1.95238,3.28571,2.7619,3.19048
7100,UOX,0,0,0.448052,2.85714,0.467532,0.532468,0.5,0.461039,2.14286,2.66667,2.90476,2.61905
7150,OX,0,0,0.337662,1.66667,0.142857,0.298701,0.279221,0.376623,0.952381,1.38095,1.52381,2.04762
7200,GOX,0,0,0.525974,2.90476,0.448052,0.233766,0.512987,0.376623,2.57143,1.2381,3,2.04762
7250,PL,0,0,0.532468,3.19048,0.441558,0.402597,0.487013,0.474026,1.57143,1.61905,2.7619,2.47619
7300,AOX,0,1,0.376623,1.85714,0.103896,0.37013,0.201299,0.441558,0.52381,1.90476,1.28571,2.57143
7350,OX,0,0,0.337662,1.7619,0.0194805,0.350649,0,0.337662,0.047619,1.7619,0,1.7619
7400,OX,0,0,0.532468,3.09524,0.305195,0.383117,0.37013,0.5,1.7619,2.2381,2.19048,2.80952
7450,OX,1,0,0.538961,3.14286,0,0.538961,0.025974,0.545455,0,3.14286,0.0952381,3.19048
7500,PMX,0,0,0.519481,3.04762,0.298701,0.311688,0.305195,0.37013,1.85714,1.90476,1.80952,1.80952
7550,PMX,0,1,0.149351,0.809524,0.0454545,0.12987,0.194805,0.233766,0.142857,0.761905,0.952381,1.2381
7600,LOX,0,0,0.564935,3.28571,0.11039,0.545455,0.123377,0.564935,0.380952,3.14286,0.619048,3.2381
7650,GrPX,1,1,0.311688,1.7619,0.196203,0.139241,0.245161,0.23871,1.28571,0.809524,1.47619,1.38095
7700,OX,0,0,0.496774,2.90476,0.154839,0.445161,0.168831,0.5,0.904762,2.57143,1.2381,2.95238
7750,EAX,0,0,0.487013,2.47619,0.151079,0.546763,0.538961,0.532468,2.42857,3.95238,2.95238,3.04762
7800,PL,0,0,0.207792,1.19048,0.11039,0.142857,0.266234,0.292208,0.571429,0.619048,1.61905,1.80952
7850,PMX,0,0,0.577922,2.90476,0.207792,0.532468,0.279221,0.590909,1.19048,2.90476,1.61905,3
7900,PMX,0,0,0.558442,3.19048,0.12987,0.512987,0.188312,0.538961,0.666667,2.95238,1.04762,3.42857
7950,UOX,0,1,0.220779,1.09524,0.123377,0.272727,0.246753,0.311688,0.714286,1.42857,1.38095,1.80952
8000,GrPX,0,1,0.415584,2.38095,0.16875,0.29375,0.258065,0.458065,0.857143,1.85714,1.57143,2.42857
8050,UOX,0,0,0.512987,2.90476,0.435065,0.525974,0.487013,0.5,2.19048,2.85714,3,2.95238
8100,UOX,0,0,0.425806,2.42857,0.36129,0.477419,0.467532,0.5,1.71429,2.28571,2.2381,2.95238
8150,OX,0,0,0.532468,3.19048,0.467532,0.227273,0.538961,0.363636,2.90476,1.33333,3,2.19048
8200,PMX,0,0,0.487013,2.57143,0.285714,0.266234,0.24026,0.246753,1.47619,1.52381,1.19048,1.38095
8250,LOX,0,0,0.435065,1.90476,0.162338,0.318182,0.168831,0.324675,0.952381,1.19048,0.714286,1.47619
8300,OX,0,0,0.435065,2.28571,0.201299,0.331169,0.409091,0.551948,1,1.95238,2.19048,3.09524
8350,OX,0,1,0.324675,1.47619,0.155844,0.168831,0.181818,0.181818,0.666667,0.809524,0.761905,0.904762
8400,EAX,0,0,0.181818,0.809524,0.129496,0.258993,0.532468,0.532468,2.2381,2.7619,3.09524,2.90476
8450,PMX,0,0,0.181818,1.04762,0.0844156,0.12987,0.0974026,0.175325,0.571429,0.761905,0.619048,1.14286
8500,EAX,0,0,0.564935,3.19048,0.129496,0.640288,0.545455,0.551948,2.42857,4.42857,3.14286,3.14286
8550,PL,0,0,0.441558,2.09524,0.324675,0.285714,0.603896,0.571429,1.04762,1.04762,3.42857,3.09524
8600,UOX,0,0,0.435065,2.33333,0.428571,0.538961,0.467532,0.480519,2.2381,2.7619,2.95238,2.57143
8650,UOX,0,0,0.571429,3.2381,0.545455,0.590909,0.493506,0.519481,2.85714,2.95238,2.90476,2.90476
8700,GOX,0,0,0.467532,2.61905,0.246753,0.337662,0.363636,0.461039,1.28571,1.90476,2.09524,2.38095
8750,GOX,0,0,0.474026,2.80952,0.155844,0.428571,0.363636,0.532468,1.09524,2.52381,2.04762,3.14286
8800,UOX,0,1,0.49359,3.04762,0.378205,0.564103,0.403846,0.455128,2.04762,3.33333,2.28571,2.66667
8850,OX,0,0,0.428571,2.28571,0.194805,0.25974,0.220779,0.266234,0.904762,1.61905,1.04762,1.66667
8900,GOX,0,1,0.279221,1.57143,0.116883,0.207792,0.0974026,0.233766,0.666667,1.14286,0.571429,1.14286
8950,GrPX,0,1,0.480519,2.57143,0.176101,0.314465,0.314103,0.397436,1.09524,1.66667,2,2.28571
9000,PMX,0,1,0.25974,1.47619,0.207792,0.11039,0.214286,0.0974026,1.19048,0.47619,1.14286,0.571429
9050,EAX,0,0,0.525974,2.85714,0.136691,0.618705,0.522876,0.529412,2.14286,4,2.90476,2.90476
9100,OX,0,1,0.403846,2.47619,0.121795,0.403846,0.237179,0.448718,0.666667,2.38095,1.80952,2.71429
9150,OX,0,0,0.0519481,0.285714,0.012987,0.0584416,0.0194805,0.0519481,0.0952381,0.285714,0.142857,0.285714
9200,OX,0,0,0.357143,2,0.0519481,0.37013,0.0909091,0.344156,0.285714,2,0.380952,1.80952
9250,LOX,0,1,0.318182,1.71429,0.253247,0.162338,0.201299,0.149351,1.47619,0.761905,1.14286,0.666667
9300,PL,0,0,0.564935,3.52381,0.454545,0.448052,0.545455,0.493506,1.7619,1.7619,3.04762,2.66667
9350,EAX,0,0,0.311688,1.61905,0.115108,0.381295,0.474026,0.467532,2.38095,3.52381,2.85714,2.90476
9400,PMX,0,0,0.564935,3,0.0714286,0.577922,0.357143,0.5,0.428571,3.04762,2.19048,2.57143
9450,PL,0,0,0.558442,3.28571,0.402597,0.396104,0.467532,0.545455,1.61905,1.66667,2.61905,3.38095
9500,GOX,0,0,0.272727,1.52381,0.12987,0.220779,0.116883,0.298701,0.761905,1.42857,0.571429,1.57143
9550,EAX,0,0,0.441558,2.2381,0.489209,0.165468,0.493506,0.532468,3.80952,2.61905,3.2381,3
9600,PL,0,0,0.24026,1.2381,0.155844,0.162338,0.279221,0.318182,0.619048,0.619048,1.57143,1.38095
9650,PL,0,0,0.292208,1.61905,0.24026,0.220779,0.331169,0.285714,0.809524,0.809524,1.85714,1.85714
9700,EAX,0,0,0.149351,0.952381,0.215827,0.143885,0.564935,0.545455,2.38095,2,3.33333,3.38095
9750,LOX,0,1,0.467532,2.28571,0.253247,0.357143,0.272727,0.415584,1.2381,1.66667,1.14286,2.04762
9800,LOX,0,0,0.461039,2.57143,0.441558,0.0519481,0.512987,0.188312,2.57143,0.333333,2.61905,0.761905
9850,GOX,0,0,0.571429,3.14286,0.363636,0.324675,0.493506,0.357143,2.19048,1.57143,2.71429,1.85714
9900,GrPX,0,0,0.5,2.7619,0.240506,0.278481,0.412903,0.393548,1.2381,1.95238,2.52381,2.28571
9950,PL,0,0,0.409091,2.61905,0.305195,0.324675,0.461039,0.428571,1.28571,1.33333,2.66667,2.28571
10000,OX,0,0,0.227273,1.28571,0.0194805,0.207792,0,0.227273,0.142857,1.14286,0,1.28571
10050,GrPX,0,1,0.279221,1.42857,0.0705128,0.224359,0.258065,0.251613,0.380952,1.14286,1.66667,1.61905
10100,PMX,0,0,0.402597,2.14286,0.220779,0.298701,0.253247,0.474026,1.38095,1.66667,1.33333,2.47619
10150,GOX,0,0,0.324675,1.57143,0.0974026,0.357143,0.0519481,0.331169,0.761905,2.04762,0.380952,1.71429
10200,AOX,0,0,0.311688,1.95238,0.0454545,0.331169,0.103896,0.357143,0.285714,2.19048,0.619048,2.2381
10250,AOX,0,0,0.396104,2.04762,0.363636,0.12987,0.357143,0.149351,1.80952,0.666667,1.95238,0.809524
10300,PMX,0,1,0.363636,2,0.0844156,0.363636,0.0584416,0.376623,0.52381,2.04762,0.238095,2.04762
10350,OX,0,0,0.448052,2.71429,0.363636,0.142857,0.396104,0.25974,2.09524,0.809524,2.09524,1.38095
10400,UOX,0,0,0.480519,2.42857,0.480519,0.545455,0.551948,0.493506,2.7619,2.7619,3.14286,2.80952
10450,GOX,0,0,0.318182,1.95238,0.149351,0.311688,0.194805,0.305195,0.952381,1.71429,1.04762,1.95238
10500,LOX,1,0,0.487013,2.38095,0.5,0.012987,0.487013,0.025974,2.47619,0.0952381,2.38095,0.0952381
10550,EAX,0,0,0.480519,3.19048,0.122302,0.57554,0.529412,0.51634,2.19048,4.19048,3.09524,3.14286
10600,OX,0,0,0.285714,1.61905,0.025974,0.25974,0.0454545,0.24026,0.142857,1.47619,0.190476,1.42857
10650,PMX,1,0,0.402597,2.04762,0.11039,0.292208,0.136364,0.272727,0.47619,1.57143,0.571429,1.52381
10700,PMX,0,0,0.435065,2.2381,0.136364,0.318182,0.168831,0.448052,0.666667,1.66667,0.761905,2.33333
10750,PL,0,0,0.246753,1.14286,0.188312,0.168831,0.233766,0.331169,0.571429,0.571429,1.28571,1.71429
10800,UOX,0,0,0.435065,1.95238,0.435065,0.506494,0.441558,0.5,2.09524,2,2.2381,2.52381
10850,GOX,0,0,0.337662,1.80952,0.344156,0.0324675,0.337662,0,1.85714,0.142857,1.80952,0
10900,GOX,0,0,0.467532,2.28571,0.214286,0.305195,0.305195,0.474026,0.952381,1.47619,1.80952,2.28571
10950,GOX,0,0,0.525974,2.66667,0.253247,0.441558,0.441558,0.519481,1.57143,2.28571,2.47619,2.71429
11000,GOX,0,0,0.493506,2.90476,0.5,0.168831,0.538961,0.233766,2.80952,0.904762,3.04762,1.33333
11050,PL,0,0,0.454545,2.14286,0.298701,0.331169,0.435065,0.415584,1.04762,1.09524,2.28571,1.95238
11100,OX,0,1,0.376623,2.19048,0.344156,0.162338,0.38961,0.279221,2.2381,1.28571,2.2381,1.38095
11150,PL,0,0,0.357143,1.66667,0.246753,0.227273,0.37013,0.422078,0.809524,0.857143,2.04762,2.2381
11200,OX,0,0,0.422078,2.19048,0.350649,0.162338,0.331169,0.233766,1.7619,0.904762,1.61905,1.57143
11250,EAX,0,0,0.402597,2.28571,0.122302,0.496403,0.558442,0.584416,2.14286,3.57143,2.85714,3.2381
11300,AOX,0,0,0.532468,2.71429,0.25974,0.383117,0.318182,0.487013,1.47619,1.85714,1.66667,2.57143
11350,EAX,0,0,0.512987,3.14286,0.122302,0.597122,0.548387,0.535484,2.14286,4.2381,3.28571,3
11400,PMX,0,0,0.448052,2.52381,0.24026,0.363636,0.233766,0.402597,1.38095,1.90476,1.42857,2.28571
11450,GrPX,0,0,0.331169,1.61905,0.183544,0.170886,0.393548,0.329032,0.952381,1,2.04762,1.90476
11500,LOX,0,0,0.519481,2.7619,0.305195,0.279221,0.402597,0.344156,1.61905,1.52381,2.42857,2.19048
11550,UOX,0,1,0.363636,1.85714,0.422078,0.480519,0.396104,0.350649,1.80952,2.28571,2.42857,2
11600,AOX,0,0,0.461039,2.71429,0.11039,0.376623,0.24026,0.506494,0.666667,2.2381,1.19048,2.80952
11650,EAX,0,0,0.12987,0.809524,0.223022,0.129496,0.562092,0.575163,2.47619,2.09524,3.42857,3.42857
11700,PMX,0,0,0.512987,2.95238,0.149351,0.428571,0.162338,0.5,0.809524,2.33333,0.809524,2.90476
11750,LOX,1,1,0,0,0,0,0,0,0,0,0,0
11800,EAX,0,0,0.292208,1.61905,0.121429,0.392857,0.454545,0.487013,1.80952,2.90476,2.28571,2.66667
11850,UOX,0,0,0.467532,2.71429,0.545455,0.571429,0.545455,0.551948,3.04762,3.2381,2.90476,3.28571
11900,AOX,0,0,0.37013,2.04762,0.0194805,0.376623,0.038961,0.376623,0.047619,2.04762,0.190476,2
11950,GrPX,1,0,0.246753,1.19048,0.0961538,0.160256,0.283871,0.316129,0.428571,0.857143,1.47619,1.61905
12000,EAX,0,0,0.233766,1.14286,0.302158,0.143885,0.503268,0.457516,2.47619,1.95238,2.66667,2.47619
12050,EAX,0,0,0.512987,2.71429,0.129496,0.589928,0.519481,0.584416,2.14286,3.90476,3.09524,3.09524
12100,AOX,0,0,0.25974,1.28571,0.11039,0.24026,0.214286,0.246753,0.666667,1.28571,1.33333,1.57143
12150,OX,0,0,0.266234,1.2381,0.285714,0.0194805,0.363636,0.155844,1.33333,0.142857,1.7619,0.619048
12200,LOX,0,0,0.545455,3.04762,0.136364,0.525974,0.11039,0.551948,0.619048,2.85714,0.714286,3.14286
12250,OX,0,0,0.487013,2.66667,0.38961,0.24026,0.461039,0.318182,1.95238,1.2381,2.42857,1.66667
12300,PL,0,1,0.480519,2.47619,0.324675,0.331169,0.428571,0.441558,1.2381,1.2381,2.52381,2.47619
12350,EAX,0,0,0.383117,2.04762,0.129496,0.453237,0.525974,0.564935,2.47619,3.61905,3.19048,3.28571
12400,OX,0,1,0.5,3,0.214286,0.480519,0.155844,0.545455,1.19048,2.90476,0.714286,3.09524
12450,AOX,0,0,0.298701,1.66667,0.285714,0.11039,0.279221,0.194805,1.52381,0.52381,1.57143,1.09524
12500,EAX,0,0,0.337662,1.80952,0.115108,0.431655,0.519481,0.519481,1.90476,3.14286,3.14286,3
12550,LOX,0,0,0.337662,1.95238,0.24026,0.12987,0.331169,0.162338,1.42857,0.619048,1.71429,0.809524
12600,PMX,0,1,0.298701,1.95238,0.272727,0.11039,0.279221,0.116883,1.57143,0.666667,1.57143,0.857143
12650,OX,0,0,0.103896,0.47619,0.0844156,0.0649351,0.162338,0.0844156,0.47619,0.333333,0.714286,0.47619
12700,PL,0,0,0.603896,3.42857,0.467532,0.435065,0.551948,0.564935,1.71429,1.66667,3,3.28571
12750,PMX,0,0,0.512987,3.14286,0.266234,0.337662,0.311688,0.37013,1.66667,1.80952,2.14286,2.09524
12800,GOX,0,1,0.25974,1.33333,0.188312,0.24026,0.123377,0.227273,1.09524,1.42857,0.52381,1.2381
12850,OX,0,1,0.551948,2.90476,0.38961,0.24026,0.350649,0.37013,2.04762,1.28571,1.85714,1.90476
12900,EAX,0,0,0.227273,1.04762,0.122302,0.302158,0.496732,0.51634,2.09524,2.66667,3.09524,3.04762
12950,EAX,0,0,0.409091,2.61905,0.129496,0.496403,0.496732,0.542484,1.95238,3.71429,2.80952,3.2381
13000,GOX,0,0,0.37013,1.95238,0.136364,0.357143,0.227273,0.38961,0.761905,2.19048,1.19048,2.38095
13050,GrPX,1,0,0.37013,2,0.27673,0.0943396,0.380645,0.245161,1.61905,0.666667,2.14286,1.33333
13100,UOX,0,0,0.285714,1.47619,0.376623,0.415584,0.415584,0.422078,2.14286,2.42857,2.57143,2.61905
13150,AOX,0,1,0.448052,2.2381,0.168831,0.383117,0.272727,0.441558,0.952381,1.90476,1.52381,2.14286
13200,PMX,0,0,0.415584,2.28571,0.123377,0.311688,0.136364,0.279221,0.52381,1.85714,0.571429,1.71429
13250,EAX,0,0,0.441558,2.33333,0.122302,0.489209,0.538961,0.512987,2.33333,4,3.2381,2.95238
13300,GrPX,0,1,0.266234,1.19048,0.0705128,0.198718,0.174194,0.283871,0.380952,0.904762,0.952381,1.42857
13350,GOX,0,0,0.383117,2.33333,0.188312,0.285714,0.318182,0.396104,1.33333,1.47619,2.04762,2.28571
13400,GOX,0,0,0.519481,2.7619,0.357143,0.246753,0.480519,0.24026,2.04762,1,2.66667,1.09524
13450,UOX,0,0,0.266234,1.47619,0.383117,0.428571,0.246753,0.292208,1.85714,1.85714,1.42857,1.57143
13500,GrPX,1,0,0.467532,2.19048,0.221519,0.297468,0.36129,0.432258,1.14286,1.28571,2.09524,2.19048
13550,OX,0,0,0.38961,1.66667,0.0584416,0.402597,0.116883,0.383117,0.380952,1.95238,0.571429,1.95238
13600,AOX,0,1,0.318182,1.71429,0.0844156,0.357143,0.136364,0.324675,0.52381,2,0.666667,1.90476
13650,GOX,0,0,0.305195,1.61905,0.201299,0.285714,0.305195,0.357143,0.952381,1.57143,1.95238,2
13700,GOX,0,0,0.461039,2.38095,0.266234,0.474026,0.428571,0.415584,1.80952,2.7619,2.14286,2.19048
13750,GOX,1,1,0.451613,2.47619,0.0967742,0.43871,0.277419,0.445161,0.666667,2.52381,1.52381,2.52381
13800,AOX,0,0,0.207792,1.09524,0.0519481,0.175325,0.0844156,0.149351,0.190476,0.952381,0.333333,0.857143
13850,UOX,0,0,0.383117,1.71429,0.266234,0.383117,0.318182,0.324675,1.38095,1.71429,1.7619,1.80952
13900,PMX,1,0,0.0844156,0.285714,0.0584416,0.025974,0.0844156,0,0.190476,0.0952381,0.285714,0
13950,LOX,0,0,0.493506,3.19048,0.487013,0.149351,0.564935,0.324675,3.04762,0.904762,3.38095,1.95238
14000,OX,0,0,0.467532,2.2381,0.467532,0.0649351,0.461039,0.220779,2.14286,0.333333,2.57143,1.42857
14050,GOX,0,0,0.292208,1.19048,0.103896,0.272727,0.11039,0.25974,0.428571,1.14286,0.619048,1.28571
14100,UOX,0,0,0.246753,1.09524,0.266234,0.253247,0.285714,0.246753,1,0.952381,1.57143,1.38095
14150,GrPX,1,1,0.541935,3,0.279503,0.304348,0.36129,0.458065,1.57143,1.90476,2.09524,2.42857
14200,OX,0,0,0,0,0,0,0,0,0,0,0,0
14250,AOX,0,1,0.467532,2.90476,0.506494,0.123377,0.551948,0.461039,2.7619,0.571429,3.14286,2.61905
14300,LOX,0,0,0.318182,1.47619,0.0909091,0.285714,0.0519481,0.305195,0.333333,1.38095,0.285714,1.47619
14350,AOX,0,0,0.357143,1.7619,0.0324675,0.376623,0.025974,0.37013,0.142857,1.80952,0.0952381,1.80952
14400,LOX,0,0,0.305195,1.66667,0.175325,0.233766,0.246753,0.272727,1.33333,1,1.57143,1.19048
14450,LOX,0,0,0.551948,2.80952,0.474026,0.162338,0.474026,0.188312,2.2381,1.09524,2.04762,1.2381
14500,EAX,0,0,0.350649,1.57143,0.23741,0.338129,0.48366,0.503268,2.52381,2.95238,3.14286,3.2381
14550,EAX,0,0,0.493506,3.33333,0.546763,0.165468,0.545455,0.512987,4.2381,2.66667,2.95238,2.85714
14600,AOX,0,0,0.324675,2.09524,0.0324675,0.344156,0.0454545,0.357143,0.333333,1.95238,0.190476,1.95238
14650,GrPX,1,1,0.279221,1.7619,0.140127,0.184713,0.251613,0.251613,0.761905,1.19048,1.61905,1.47619
14700,UOX,0,0,0.207792,1.14286,0.311688,0.402597,0.253247,0.324675,1.38095,1.71429,1.42857,1.66667
14750,EAX,0,0,0.25974,1.33333,0.129496,0.330935,0.490196,0.575163,2.19048,2.85714,2.95238,3.47619
14800,PL,0,0,0.428571,2.38095,0.298701,0.292208,0.428571,0.318182,1.19048,1.19048,2.47619,1.85714
14850,UOX,0,0,0.532468,2.90476,0.532468,0.532468,0.538961,0.506494,2.7619,2.7619,3,3.14286
14900,UOX,0,0,0.214286,0.952381,0.272727,0.292208,0.383117,0.337662,1.38095,1.42857,2.09524,1.7619
14950,UOX,0,0,0.551948,3,0.506494,0.603896,0.493506,0.512987,2.2381,2.85714,2.7619,2.7619
15000,GrPX,0,1,0.512987,3,0.272152,0.253165,0.354839,0.490323,1.52381,1.61905,2.28571,2.90476
15050,PMX,0,0,0.396104,1.95238,0.162338,0.324675,0.24026,0.428571,0.857143,1.71429,1.33333,2.38095
15100,PL,0,0,0.116883,0.52381,0.0844156,0.0649351,0.149351,0.194805,0.238095,0.285714,0.857143,1.04762
15150,UOX,0,0,0.545455,3.28571,0.441558,0.571429,0.493506,0.525974,2.28571,2.90476,2.52381,3.52381
15200,PMX,0,0,0.331169,1.61905,0.162338,0.266234,0.272727,0.37013,0.952381,1.42857,1.57143,1.90476
15250,PL,0,0,0.454545,2.38095,0.311688,0.318182,0.337662,0.428571,1.19048,1.19048,1.90476,2.19048
15300,LOX,0,0,0.409091,2.19048,0.181818,0.246753,0.142857,0.266234,0.952381,1.47619,0.761905,1.42857
15350,PL,0,0,0.467532,2.61905,0.324675,0.292208,0.506494,0.37013,1.28571,1.33333,2.71429,2.14286
15400,PL,0,0,0.532468,2.85714,0.37013,0.350649,0.350649,0.487013,1.42857,1.42857,1.95238,2.61905
15450,OX,0,1,0.233766,1.14286,0.0909091,0.175325,0.0714286,0.162338,0.428571,0.857143,0.333333,0.809524
15500,LOX,1,1,0.142857,0.666667,0,0.142857,0,0.142857,0,0.666667,0,0.666667
15550,UOX,1,1,0.012987,0.047619,0.0584416,0.0714286,0,0.012987,0.333333,0.380952,0,0.047619
15600,UOX,0,0,0.538961,2.7619,0.545455,0.597403,0.545455,0.571429,2.85714,3.09524,2.95238,3.04762
15650,GOX,0,0,0.227273,1.28571,0.123377,0.246753,0.311688,0.383117,0.666667,1.47619,1.85714,2.42857
15700,UOX,0,0,0.285714,1.47619,0.324675,0.409091,0.292208,0.383117,1.71429,1.90476,1.80952,2.04762
15750,GrPX,0,1,0.25974,1.38095,0.102564,0.173077,0.206452,0.206452,0.666667,0.904762,1.19048,1.09524
15800,GOX,0,1,0.253247,1.52381,0.0844156,0.220779,0.0779221,0.25974,0.428571,1.38095,0.285714,1.47619
15850,EAX,0,0,0.577922,3.2381,0.129496,0.661871,0.519481,0.597403,2.04762,4.42857,2.7619,3.2381
15900,PL,0,0,0.0519481,0.238095,0.038961,0.025974,0.012987,0.0519481,0.0952381,0.142857,0.0952381,0.142857
15950,OX,0,0,0.454545,2.47619,0.272727,0.298701,0.409091,0.350649,1.42857,1.95238,2.33333,2.09524
16000,PMX,0,1,0.0714286,0.333333,0.0324675,0.0649351,0.0714286,0,0.190476,0.333333,0.333333,0
16050,AOX,0,0,0.162338,0.761905,0.227273,0.0714286,0.298701,0.24026,1.04762,0.380952,1.80952,1.52381
16100,GOX,0,0,0.318182,1.7619,0.246753,0.123377,0.331169,0.214286,1.38095,0.666667,2.04762,1.19048
16150,LOX,0,0,0.512987,2.71429,0.337662,0.266234,0.422078,0.227273,1.61905,1.47619,2.33333,1.28571
16200,UOX,0,0,0.529032,2.7619,0.529032,0.522581,0.477419,0.470968,2.71429,2.66667,2.61905,2.47619
16250,PMX,0,0,0.467532,2.66667,0.246753,0.233766,0.194805,0.285714,1.42857,1.28571,1.19048,1.57143
16300,GOX,0,0,0.5,2.90476,0.344156,0.24026,0.474026,0.37013,2,1.14286,2.33333,2
16350,AOX,0,1,0.350649,1.80952,0.25974,0.181818,0.305195,0.220779,1.33333,0.904762,1.52381,1.2381
16400,LOX,1,0,0.25974,1.42857,0.0194805,0.266234,0.025974,0.253247,0.0952381,1.42857,0.0952381,1.42857
16450,PMX,0,0,0.402597,2.19048,0.142857,0.279221,0.175325,0.279221,0.619048,1.71429,0.761905,1.71429
16500,PL,0,0,0.519481,2.7619,0.344156,0.37013,0.519481,0.448052,1.38095,1.38095,2.7619,2.61905
16550,EAX,0,0,0.415584,2.14286,0.122302,0.503597,0.467532,0.454545,2.52381,4.09524,2.57143,2.04762
16600,EAX,0,0,0.292208,1.47619,0.143885,0.374101,0.5,0.474026,2.2381,3.42857,3.33333,2.95238
16650,LOX,0,0,0.461039,2.52381,0.188312,0.350649,0.0779221,0.38961,1.04762,1.85714,0.428571,2.14286
16700,GOX,0,0,0.441558,2.42857,0.0844156,0.409091,0.0844156,0.422078,0.47619,2.33333,0.333333,2.47619
16750,UOX,0,0,0.558442,2.90476,0.551948,0.655844,0.461039,0.558442,2.57143,3.14286,2.66667,3.09524
16800,PMX,0,0,0.512987,2.80952,0.0454545,0.525974,0.0844156,0.506494,0.285714,2.80952,0.52381,2.7619
16850,GOX,0,1,0.551948,2.85714,0.266234,0.350649,0.350649,0.519481,1.33333,1.7619,1.80952,2.71429
16900,PMX,0,0,0.25974,1.38095,0.181818,0.12987,0.168831,0.168831,0.904762,0.666667,0.857143,0.809524
16950,LOX,0,0,0.480519,2.2381,0.441558,0.116883,0.480519,0.0714286,2.14286,0.47619,2.28571,0.285714
17000,UOX,0,0,0.194805,1.19048,0.272727,0.272727,0.344156,0.298701,1.57143,1.38095,1.85714,1.7619
17050,OX,0,0,0.25974,1.33333,0.12987,0.214286,0.181818,0.331169,0.619048,1.14286,0.857143,1.66667
17100,PL,0,1,0.493506,2.38095,0.337662,0.285714,0.318182,0.538961,1.19048,1.19048,1.85714,2.71429
17150,EAX,0,0,0.0454545,0.190476,0.151079,0.107914,0.525974,0.538961,2.28571,2.09524,3.09524,3.04762
17200,EAX,0,0,0.396104,2.2381,0.460432,0.151079,0.509804,0.535948,3.71429,2.28571,3.04762,3.2381
17250,GOX,0,1,0.564935,3.04762,0.207792,0.415584,0.305195,0.448052,1.04762,2.38095,1.80952,2.47619
17300,LOX,0,0,0.525641,3,0.451613,0.141935,0.483871,0.290323,2.66667,0.714286,2.95238,1.85714
17350,OX,0,1,0.467532,2.52381,0.350649,0.37013,0.383117,0.428571,2.04762,2.52381,2.14286,2.09524
17400,GOX,0,0,0.493506,2.61905,0.396104,0.318182,0.493506,0.344156,2.33333,1.90476,2.80952,2.09524
17450,PL,0,0,0.551948,3.14286,0.37013,0.396104,0.519481,0.493506,1.57143,1.57143,3.2381,2.80952
17500,OX,0,0,0.428571,2.09524,0.0519481,0.448052,0.103896,0.448052,0.238095,2.14286,0.380952,2.2381
17550,GOX,0,0,0.487013,2.80952,0.207792,0.37013,0.454545,0.441558,1.09524,1.90476,2.57143,2.38095
17600,LOX,0,1,0.233766,1.2381,0.181818,0.142857,0.298701,0.246753,0.904762,0.761905,1.52381,1.52381
17650,PL,0,0,0.422078,2.42857,0.279221,0.324675,0.467532,0.422078,1.19048,1.2381,2.85714,2.38095
17700,UOX,0,1,0.168831,0.857143,0.227273,0.311688,0.136364,0.220779,0.904762,1.38095,0.809524,1.33333
17750,AOX,0,0,0.461039,2.33333,0.409091,0.116883,0.415584,0.285714,2.2381,0.52381,2.42857,1.42857
17800,AOX,0,0,0.525974,2.52381,0.441558,0.12987,0.474026,0.116883,2.09524,0.666667,2.2381,0.619048
17850,GrPX,1,0,0.318182,1.7619,0.127389,0.210191,0.296774,0.283871,0.619048,1.28571,1.71429,1.90476
17900,PL,0,0,0.305195,1.61905,0.168831,0.227273,0.331169,0.279221,0.809524,0.809524,1.80952,1.61905
17950,PL,0,0,0.380645,2.28571,0.264516,0.296774,0.43871,0.419355,1.04762,1.14286,2.28571,2.42857
18000,PMX,0,0,0.201299,1.04762,0.0454545,0.168831,0.155844,0.266234,0.380952,0.809524,0.857143,1.38095
18050,PL,0,0,0.214286,1.2381,0.149351,0.149351,0.201299,0.24026,0.619048,0.619048,1,1.38095
18100,OX,0,1,0.454545,2.66667,0.467532,0.0909091,0.480519,0.227273,2.61905,0.47619,2.57143,1.2381
18150,PL,0,0,0.5,2.85714,0.383117,0.37013,0.474026,0.525974,1.42857,1.42857,2.38095,3.2381
18200,UOX,0,0,0.38961,1.85714,0.512987,0.467532,0.435065,0.435065,2.42857,2.14286,2.38095,2.14286
18250,LOX,1,1,0.103896,0.571429,0,0.103896,0,0.103896,0,0.571429,0,0.571429
18300,GOX,0,0,0.564935,3,0.266234,0.487013,0.220779,0.590909,1.66667,2.57143,1.52381,3
18350,PL,0,0,0.376623,1.7619,0.246753,0.266234,0.305195,0.337662,0.857143,0.904762,1.71429,1.85714
18400,PL,0,0,0.464516,2.80952,0.354839,0.329032,0.464516,0.477419,1.38095,1.42857,2.7619,3.09524
18450,UOX,0,0,0.396104,2,0.318182,0.428571,0.305195,0.311688,1.61905,2,1.2381,1.80952
18500,UOX,0,0,0.493506,2.90476,0.558442,0.564935,0.564935,0.474026,2.71429,2.66667,3.28571,2.71429
18550,GrPX,0,0,0.298701,1.57143,0.0764331,0.235669,0.214286,0.324675,0.47619,1.2381,1.14286,1.61905
18600,OX,0,0,0.292208,1.61905,0.285714,0.155844,0.324675,0.155844,1.7619,0.952381,1.61905,0.761905
18650,EAX,0,1,0.480519,2.47619,0.122302,0.582734,0.487179,0.532051,2.14286,3.7619,3,3.33333
18700,LOX,1,1,0.292208,1.57143,0.24026,0.0519481,0.24026,0.0519481,1.33333,0.238095,1.33333,0.238095
18750,OX,0,0,0.37013,1.85714,0.155844,0.350649,0.246753,0.38961,0.904762,1.66667,1.52381,2
18800,AOX,0,0,0.181818,1.09524,0.246753,0.0779221,0.337662,0.246753,1.57143,0.52381,2,1.42857
18850,LOX,0,0,0.0779221,0.47619,0.0584416,0.0454545,0.188312,0.155844,0.380952,0.142857,0.809524,0.666667
18900,LOX,1,1,0.292208,1.42857,0.292208,0,0.292208,0,1.42857,0,1.42857,0
18950,UOX,0,0,0.311688,1.57143,0.331169,0.37013,0.331169,0.402597,1.52381,1.71429,2,2.42857
19000,LOX,0,0,0.24026,1.42857,0.24026,0.0779221,0.233766,0.11039,1.2381,0.47619,1.28571,0.52381
19050,UOX,0,0,0.5,2.7619,0.5,0.61039,0.532468,0.5,2.7619,2.7619,2.66667,2.85714
19100,PMX,0,0,0.201299,1.14286,0.162338,0.0779221,0.155844,0.116883,1,0.428571,0.714286,0.571429
19150,PL,0,0,0.590909,2.95238,0.37013,0.409091,0.571429,0.623377,1.47619,1.47619,3.09524,3.38095
19200,GrPX,0,0,0.458065,2.52381,0.297468,0.158228,0.383117,0.194805,1.80952,0.857143,2.28571,1.19048
19250,AOX,0,0,0.376623,1.85714,0.11039,0.285714,0.220779,0.350649,0.47619,1.47619,0.857143,1.85714
19300,OX,0,1,0.272727,1.28571,0.337662,0.0844156,0.318182,0.0909091,1.66667,0.380952,1.61905,0.52381
19350,GrPX,0,0,0.116883,0.761905,0.0645161,0.0774194,0.0974026,0.136364,0.428571,0.52381,0.571429,0.666667
19400,UOX,0,0,0.558442,3.14286,0.519481,0.538961,0.538961,0.448052,2.42857,2.61905,3.19048,2.47619
19450,AOX,0,0,0.0454545,0.190476,0.11039,0.0649351,0.214286,0.168831,0.714286,0.52381,1.33333,1.14286
19500,EAX,0,0,0.532468,3.09524,0.47482,0.273381,0.56129,0.567742,3.47619,3.2381,3.2381,3.61905
19550,AOX,0,0,0.535948,2.80952,0.194805,0.422078,0.266234,0.402597,1.14286,2.2381,1.61905,2.2381
19600,UOX,0,0,0.266234,1.19048,0.298701,0.409091,0.227273,0.305195,1.61905,2,1.19048,1.61905
19650,LOX,0,0,0.266234,1.19048,0.24026,0.11039,0.279221,0.207792,1.09524,0.428571,1.2381,0.904762
19700,PL,0,0,0.246753,1.42857,0.168831,0.181818,0.272727,0.24026,0.714286,0.714286,1.42857,1.38095
19750,GOX,0,0,0.5,2.71429,0.227273,0.448052,0.253247,0.519481,1.09524,2.47619,1.19048,2.52381
19800,AOX,0,0,0.493506,2.33333,0.279221,0.331169,0.350649,0.448052,1.42857,1.42857,1.95238,2.2381
19850,AOX,1,0,0.0974026,0.428571,0.038961,0.0584416,0.0649351,0.0324675,0.190476,0.238095,0.285714,0.142857
19900,OX,0,0,0.175325,1,0.123377,0.123377,0.305195,0.344156,0.714286,0.809524,1.85714,2.2381
19950,PL,0,0,0.12987,0.714286,0.103896,0.0974026,0.0519481,0.0844156,0.333333,0.380952,0.142857,0.571429
20000,UOX,0,0,0.227273,1.52381,0.344156,0.409091,0.38961,0.396104,1.42857,2.14286,1.90476,2.04762
20050,LOX,0,0,0.506494,3.19048,0.402597,0.162338,0.487013,0.220779,2.52381,0.857143,2.80952,1.28571
20100,EAX,0,0,0.188312,0.952381,0.122302,0.266187,0.477124,0.464052,2.28571,2.61905,2.71429,2.71429
20150,AOX,0,0,0.24026,1.14286,0.188312,0.142857,0.331169,0.298701,1,0.714286,1.66667,1.52381
20200,PMX,0,0,0.350649,2.14286,0.155844,0.220779,0.285714,0.285714,0.952381,1.2381,1.52381,1.61905
20250,EAX,0,0,0.266234,1.57143,0.352518,0.107914,0.535948,0.535948,2.80952,1.80952,3.04762,3.38095
20300,AOX,0,0,0.545455,3.14286,0.37013,0.331169,0.5,0.298701,1.90476,1.90476,2.71429,1.66667
20350,GOX,0,1,0.37013,1.95238,0.24026,0.188312,0.292208,0.272727,1.28571,0.904762,1.57143,1.28571
20400,EAX,0,0,0.350649,1.71429,0.113475,0.468085,0.506494,0.467532,1.71429,3.14286,2.85714,2.80952
20450,AOX,0,0,0.376623,2.04762,0.12987,0.292208,0.142857,0.324675,0.571429,1.61905,0.666667,1.80952
20500,OX,0,1,0.435065,2.2381,0.337662,0.162338,0.357143,0.266234,1.95238,0.761905,2.09524,1.7619
20550,PMX,0,0,0.116883,0.761905,0.0779221,0.0584416,0.0714286,0.0454545,0.52381,0.285714,0.52381,0.238095
20600,GOX,0,0,0.246753,1.42857,0.038961,0.246753,0.12987,0.253247,0.190476,1.38095,0.714286,1.42857
20650,PMX,0,0,0.311688,1.52381,0.136364,0.279221,0.0779221,0.331169,0.571429,1.33333,0.428571,1.61905
20700,AOX,0,1,0.116883,0.571429,0.038961,0.142857,0.123377,0.201299,0.190476,0.714286,0.571429,1
20750,OX,0,0,0.0454545,0.238095,0,0.0454545,0,0.0454545,0,0.238095,0,0.238095
20800,GrPX,1,0,0.214286,0.904762,0.0632911,0.164557,0.335484,0.277419,0.285714,0.809524,1.80952,1.66667
20850,LOX,0,0,0.512987,2.85714,0.285714,0.305195,0.487013,0.318182,1.47619,1.71429,2.80952,1.61905
20900,GOX,0,0,0.363636,2.04762,0.24026,0.214286,0.324675,0.324675,1.2381,1.19048,1.57143,1.90476
20950,PMX,0,0,0.448052,2.52381,0.227273,0.272727,0.318182,0.383117,1.28571,1.47619,1.80952,2.09524
21000,PMX,0,1,0.487013,2.90476,0.038961,0.487013,0.0779221,0.441558,0.190476,2.90476,0.380952,2.80952
21050,LOX,0,0,0.0779221,0.333333,0.0779221,0,0.0779221,0,0.333333,0,0.333333,0
21100,GrPX,0,0,0.383117,2.09524,0.125786,0.257862,0.445161,0.419355,0.714286,1.71429,2.42857,2.57143
21150,LOX,0,0,0.454545,2.38095,0.461039,0.0974026,0.448052,0.155844,2.71429,0.666667,2.42857,0.714286
21200,UOX,0,0,0.409091,2.2381,0.441558,0.545455,0.428571,0.422078,2.04762,2.57143,2.66667,2.57143
21250,EAX,0,0,0.253247,1.2381,0.280576,0.179856,0.522876,0.542484,2.80952,2.33333,3.19048,3.19048
21300,OX,0,1,0.207792,1.09524,0.25974,0.142857,0.305195,0.25974,1.2381,0.666667,1.71429,1.38095
21350,UOX,0,0,0.292208,1.66667,0.233766,0.350649,0.246753,0.285714,1.28571,1.85714,1.42857,1.71429
21400,GOX,0,0,0.116883,0.714286,0.12987,0.012987,0.116883,0,0.761905,0.047619,0.714286,0
21450,GOX,0,0,0.512987,3,0.292208,0.337662,0.435065,0.409091,1.52381,2.09524,2.42857,2.38095
21500,UOX,0,0,0.227273,1.19048,0.383117,0.357143,0.357143,0.376623,1.85714,1.61905,1.85714,2.2381
21550,PL,0,0,0.344156,1.95238,0.201299,0.253247,0.376623,0.337662,0.952381,1,2.04762,1.90476
21600,AOX,0,0,0.5,2.7619,0.136364,0.396104,0.12987,0.415584,0.571429,2.38095,0.666667,2.28571
21650,PL,0,0,0.292208,1.66667,0.201299,0.220779,0.363636,0.266234,0.809524,0.857143,1.95238,1.47619
21700,PL,0,0,0.227273,1.2381,0.162338,0.168831,0.318182,0.311688,0.619048,0.619048,1.7619,1.7619
21750,PMX,1,1,0.123377,0.619048,0,0.123377,0,0.123377,0,0.619048,0,0.619048
21800,GOX,0,0,0.344156,2.09524,0.305195,0.0649351,0.331169,0.0714286,1.7619,0.47619,1.90476,0.47619
21850,EAX,0,0,0.194805,1.04762,0.201439,0.230216,0.464516,0.451613,2.2381,2.33333,2.7619,2.66667
21900,EAX,0,0,0.162338,0.857143,0.273381,0.107914,0.519481,0.519481,2.33333,1.85714,3.2381,3.33333
21950,GOX,0,0,0.253247,1.28571,0.220779,0.0844156,0.227273,0.136364,1,0.52381,1.19048,0.761905
22000,GOX,0,0,0.285714,1.47619,0.142857,0.181818,0.181818,0.188312,0.714286,0.952381,0.857143,1.19048
22050,GOX,0,0,0.551948,3.2381,0.474026,0.24026,0.558442,0.383117,2.90476,1.47619,3.2381,2.19048
22100,EAX,0,0,0.519481,2.90476,0.122302,0.611511,0.597403,0.538961,2.38095,4.09524,3.38095,3.04762
22150,EAX,0,0,0.194805,1.14286,0.129496,0.280576,0.506494,0.5,2.28571,2.80952,2.7619,2.85714
22200,OX,0,0,0.383117,1.85714,0.155844,0.292208,0.175325,0.350649,0.904762,1.47619,1.14286,1.80952
22250,PL,0,0,0.551948,2.95238,0.346405,0.359477,0.464052,0.542484,1.47619,1.47619,2.52381,2.80952
22300,LOX,0,0,0.24026,1.2381,0.155844,0.142857,0.266234,0.175325,0.666667,0.714286,1.38095,0.952381
22350,PMX,0,0,0.318182,1.71429,0.155844,0.24026,0.227273,0.266234,0.761905,1.28571,1.42857,1.28571
22400,OX,0,0,0.246753,1.38095,0.142857,0.194805,0.279221,0.233766,1,1.33333,1.66667,1.61905
22450,UOX,0,0,0.396104,2.04762,0.415584,0.454545,0.402597,0.357143,1.90476,1.95238,2.04762,1.90476
22500,UOX,0,1,0.496774,2.85714,0.56129,0.574194,0.522581,0.477419,2.85714,3.19048,3.19048,2.80952
22550,OX,0,0,0.350649,2.14286,0.357143,0.0519481,0.344156,0.149351,2.14286,0.333333,1.95238,0.857143
22600,UOX,0,0,0.529412,3.47619,0.5,0.545455,0.525974,0.448052,2.61905,2.57143,3.04762,2.2381
22650,OX,1,1,0,0,0,0,0,0,0,0,0,0
22700,GrPX,1,1,0.246753,1.19048,0.141026,0.141026,0.23871,0.245161,0.761905,0.571429,1.71429,1.2381
22750,LOX,0,0,0.272727,1.52381,0.175325,0.155844,0.194805,0.207792,0.809524,0.857143,1,1.28571
22800,UOX,0,1,0.233766,1.33333,0.25974,0.279221,0.324675,0.318182,1.2381,1.38095,1.71429,1.95238
22850,GrPX,1,0,0.496774,2.85714,0.2625,0.275,0.374194,0.464516,1.61905,1.61905,2.19048,2.61905
22900,GOX,0,0,0.266234,1.42857,0.233766,0.11039,0.318182,0.188312,1.04762,0.571429,1.66667,1.09524
22950,PL,0,1,0.194805,0.952381,0.12987,0.12987,0.142857,0.136364,0.47619,0.47619,1.04762,0.619048
23000,PL,0,0,0.337662,1.80952,0.246753,0.233766,0.435065,0.311688,0.904762,0.904762,2.57143,1.66667
23050,GOX,0,0,0.5,3.04762,0.402597,0.292208,0.532468,0.415584,2.52381,1.57143,3.2381,2.28571
23100,LOX,0,0,0.24026,1.14286,0.194805,0.103896,0.298701,0.168831,0.857143,0.47619,1.28571,0.714286
23150,GOX,0,1,0.483871,2.85714,0.354839,0.303226,0.412903,0.341935,1.95238,1.61905,2.71429,2.09524
23200,PL,0,0,0.441558,2.7619,0.331169,0.337662,0.551948,0.525974,1.38095,1.38095,3.19048,3.14286
23250,PMX,1,0,0.409091,2.09524,0.279221,0.12987,0.285714,0.155844,1.42857,0.666667,1.47619,0.761905
23300,EAX,0,0,0.571429,3.04762,0.2,0.542857,0.551948,0.525974,2.90476,4.19048,3.14286,3
23350,UOX,0,0,0.0714286,0.333333,0.168831,0.168831,0.155844,0.162338,0.952381,0.904762,0.857143,0.952381
23400,EAX,0,1,0.162338,0.857143,0.135714,0.257143,0.406452,0.445161,2,2.85714,2.38095,2.2381
23450,GOX,0,0,0.545455,3.19048,0.409091,0.357143,0.37013,0.493506,2.2381,1.85714,2.09524,2.80952
23500,GOX,0,1,0.38961,2,0.298701,0.162338,0.396104,0.12987,1.47619,0.952381,1.90476,0.857143
23550,LOX,0,0,0.541935,2.90476,0.496774,0.122581,0.425806,0.290323,2.57143,0.714286,2.52381,1.66667
23600,EAX,0,0,0.571429,3.2381,0.122302,0.661871,0.555556,0.54902,2.38095,4.19048,3.09524,3.19048
23650,GrPX,0,0,0.279221,1.71429,0.198718,0.108974,0.296774,0.335484,1.28571,0.52381,1.66667,1.85714
23700,OX,0,0,0.0519481,0.142857,0.0714286,0.123377,0.103896,0.155844,0.47619,0.619048,0.571429,0.714286
23750,GOX,0,0,0.305195,1.61905,0.162338,0.37013,0.220779,0.428571,1.04762,2.2381,1.04762,2.14286
23800,AOX,0,0,0.337662,1.71429,0.363636,0.0519481,0.383117,0.149351,2,0.285714,1.95238,0.571429
23850,LOX,0,0,0.331169,1.85714,0.25974,0.181818,0.220779,0.25974,1.33333,1.28571,1.14286,1.57143
23900,GrPX,1,1,0.337662,2,0.246835,0.113924,0.425806,0.245161,1.66667,0.619048,2.47619,1.38095
23950,PL,0,0,0.409091,2.14286,0.298701,0.24026,0.454545,0.344156,1.04762,1.09524,2.7619,2
24000,EAX,0,0,0.194805,1.04762,0.194245,0.223022,0.5,0.474026,2.38095,2.95238,2.90476,3
24050,AOX,0,0,0.480519,2.57143,0.318182,0.201299,0.454545,0.25974,1.71429,1,2.38095,1.33333
24100,UOX,0,0,0.512987,2.95238,0.474026,0.532468,0.519481,0.487013,2.42857,2.90476,2.61905,2.52381
24150,AOX,0,0,0.188312,1.04762,0.012987,0.201299,0.0324675,0.207792,0.047619,1.09524,0.190476,1.19048
24200,OX,1,1,0.331169,1.66667,0.0519481,0.279221,0.0519481,0.279221,0.142857,1.52381,0.142857,1.52381
24250,UOX,0,0,0.422078,2.61905,0.480519,0.506494,0.383117,0.383117,2.2381,2.66667,2.33333,2.2381
24300,GrPX,1,0,0.441558,2.47619,0.183544,0.278481,0.341935,0.496774,1,1.66667,2.04762,2.90476
24350,OX,0,0,0.253247,1.19048,0.292208,0.0454545,0.409091,0.207792,1.42857,0.333333,2.14286,1.04762
24400,EAX,0,0,0.506494,3.04762,0.158273,0.553957,0.490196,0.542484,2.04762,4.04762,2.66667,3.2381
24450,AOX,0,0,0.568627,3.28571,0.285714,0.415584,0.487013,0.402597,1.38095,2.33333,2.66667,2.28571
24500,PL,0,0,0.448052,2.28571,0.305195,0.311688,0.474026,0.441558,1.14286,1.14286,2.47619,2.38095
24550,AOX,0,0,0.363636,2,0.201299,0.279221,0.38961,0.285714,1.09524,1.57143,2.04762,1.61905
24600,EAX,0,0,0.383117,2.28571,0.115108,0.47482,0.422078,0.454545,2.19048,3.80952,2.52381,3
24650,OX,0,0,0.558442,3.14286,0.584416,0.168831,0.525974,0.487013,3.28571,0.952381,3.04762,2.85714
24700,GrPX,0,0,0.448052,2.52381,0.245283,0.245283,0.425806,0.283871,1.42857,1.33333,2.61905,1.90476
24750,AOX,0,0,0.207792,1.09524,0.207792,0,0.207792,0,1.09524,0,1.09524,0
24800,PMX,0,0,0.331169,1.80952,0.123377,0.298701,0.136364,0.37013,0.714286,1.61905,1,1.95238
24850,AOX,0,0,0,0,0.0584416,0.0584416,0.272727,0.272727,0.380952,0.380952,1.42857,1.42857
24900,OX,0,1,0.37013,2.04762,0.292208,0.24026,0.454545,0.415584,1.57143,1.33333,2.47619,2.61905
24950,PMX,0,0,0.435065,2.33333,0.181818,0.376623,0.279221,0.383117,0.904762,1.95238,1.28571,2.09524
25000,OX,0,1,0.38961,2.09524,0.266234,0.168831,0.298701,0.220779,1.52381,0.809524,1.61905,1.33333
25050,UOX,0,0,0.025974,0.0952381,0.0454545,0.0519481,0.155844,0.175325,0.238095,0.285714,0.666667,0.761905
25100,PL,0,1,0.441558,2.42857,0.279221,0.311688,0.396104,0.435065,1.19048,1.2381,2.28571,2.47619
25150,GrPX,0,0,0.564935,3.47619,0.263804,0.300613,0.393548,0.387097,1.80952,2.04762,2.47619,2.28571
25200,GrPX,0,0,0.149351,0.714286,0.083871,0.0774194,0.264516,0.251613,0.380952,0.380952,1.61905,1.52381
25250,AOX,0,0,0.376623,1.90476,0.116883,0.37013,0.324675,0.448052,0.714286,2.09524,1.90476,2.61905
25300,GrPX,0,1,0.357143,2,0.216561,0.171975,0.374194,0.451613,1.28571,0.904762,2.2381,2.19048
25350,GrPX,0,0,0.246753,1.38095,0.115385,0.147436,0.194805,0.24026,0.714286,0.857143,0.761905,1.14286
25400,AOX,0,0,0.298701,1.57143,0.214286,0.194805,0.233766,0.220779,1.19048,0.857143,1.42857,1.04762
25450,UOX,0,0,0.558442,3,0.519481,0.623377,0.480519,0.480519,2.52381,3.04762,2.85714,3.04762
25500,PL,0,1,0.246753,1.2381,0.155844,0.162338,0.136364,0.227273,0.619048,0.619048,0.666667,1.04762
25550,PMX,0,0,0.493506,2.47619,0.201299,0.396104,0.266234,0.409091,1.09524,1.90476,1.57143,2.04762
25600,AOX,0,0,0.38961,2.14286,0.149351,0.305195,0.233766,0.493506,0.761905,1.66667,1.2381,2.71429
25650,LOX,0,1,0.480519,2.61905,0.454545,0.0584416,0.480519,0.0454545,2.47619,0.285714,2.61905,0.238095
25700,EAX,0,0,0.246753,1.19048,0.143885,0.338129,0.535948,0.51634,2.33333,2.85714,3.28571,3.04762
25750,UOX,0,0,0.538961,3.19048,0.616883,0.681818,0.480519,0.558442,3,3.38095,3.04762,2.90476
25800,UOX,0,1,0.285714,1.71429,0.383117,0.409091,0.402597,0.24026,1.85714,1.71429,2.28571,1.04762
25850,GrPX,1,0,0.441558,2.42857,0.242236,0.248447,0.387097,0.496774,1.38095,1.47619,2.47619,2.85714
25900,GOX,0,0,0.292208,1.52381,0.207792,0.155844,0.233766,0.25974,0.904762,0.761905,1.04762,1.2381
25950,AOX,0,0,0.396104,2.14286,0.155844,0.266234,0.25974,0.272727,0.809524,1.52381,1.33333,1.71429
26000,AOX,0,0,0.038961,0.190476,0.038961,0,0.038961,0,0.190476,0,0.190476,0
26050,PMX,0,1,0.246753,1.28571,0.24026,0.116883,0.220779,0.181818,1.09524,0.666667,0.952381,0.857143
26100,PL,0,0,0.415584,2.14286,0.227273,0.279221,0.376623,0.396104,1.04762,1.09524,2.14286,2.42857
26150,PL,0,0,0.441558,2.19048,0.305195,0.292208,0.461039,0.467532,1.09524,1.09524,2.57143,2.61905
26200,UOX,0,0,0.525974,2.7619,0.512987,0.616883,0.506494,0.525974,2.61905,2.85714,2.57143,2.90476
26250,GOX,0,0,0.253247,1.14286,0.136364,0.201299,0.279221,0.324675,0.761905,0.904762,1.7619,1.57143
26300,LOX,0,0,0.422078,2.38095,0.298701,0.188312,0.279221,0.220779,1.71429,1,1.61905,1.14286
26350,EAX,1,1,0,0,0,0,0,0,0,0,0,0
26400,GrPX,1,1,0.318182,1.80952,0.183544,0.170886,0.365385,0.307692,1.04762,1.14286,2.33333,1.61905
26450,GOX,0,0,0.324675,1.90476,0.24026,0.142857,0.272727,0.279221,1.28571,0.952381,1.71429,1.57143
26500,GOX,0,0,0.512987,3.2381,0.311688,0.331169,0.493506,0.584416,2.19048,2.09524,2.66667,3.42857
26550,EAX,0,0,0.435065,2.7619,0.129496,0.52518,0.568627,0.575163,2.14286,3.95238,3.04762,2.85714
26600,UOX,0,0,0.233766,1.33333,0.292208,0.311688,0.311688,0.324675,1.28571,1.38095,1.66667,1.66667
26650,EAX,0,0,0.525974,3.28571,0.122302,0.625899,0.529412,0.470588,2.04762,3.95238,3.28571,3.2381
26700,AOX,0,0,0.266234,1.28571,0.181818,0.11039,0.24026,0.175325,0.857143,0.666667,1.19048,0.952381
26750,PMX,0,1,0.415584,2.09524,0.363636,0.136364,0.357143,0.324675,1.90476,0.714286,2.04762,1.7619
26800,LOX,0,0,0.298701,1.66667,0.142857,0.175325,0.12987,0.214286,0.857143,0.904762,0.809524,1.04762
26850,PL,0,0,0.0714286,0.333333,0.0454545,0.0324675,0.0324675,0.038961,0.142857,0.190476,0.142857,0.190476
26900,GOX,0,1,0.496774,3,0.212903,0.348387,0.232258,0.367742,1.09524,2.2381,1.2381,2.14286
26950,EAX,0,0,0.519481,2.95238,0.107914,0.647482,0.519481,0.551948,1.7619,4,3.09524,3.2381
27000,GOX,0,0,0.493506,3.14286,0.155844,0.396104,0.448052,0.461039,1,2.33333,2.80952,2.42857
27050,UOX,0,1,0.227273,1.33333,0.344156,0.344156,0.376623,0.350649,1.61905,1.52381,2.19048,2.28571
27100,GOX,0,1,0.402597,1.95238,0.142857,0.337662,0.350649,0.350649,0.714286,1.71429,1.7619,1.80952
27150,EAX,0,0,0.464516,3.04762,0.521429,0.157143,0.532468,0.474026,3.7619,2.7619,3.19048,2.85714
27200,GOX,0,0,0.36129,2.19048,0.277419,0.245161,0.470968,0.277419,1.80952,1.61905,2.85714,1.61905
27250,PMX,0,1,0.445161,2.66667,0.225806,0.316129,0.283871,0.341935,1.28571,1.90476,1.85714,2.2381
27300,GOX,0,0,0.496774,2.95238,0.277419,0.303226,0.193548,0.516129,1.71429,1.7619,1.19048,3
27350,PL,0,0,0.516129,3.09524,0.412903,0.374194,0.519481,0.506494,1.52381,1.57143,2.95238,2.90476
27400,GOX,0,0,0.512987,3.04762,0.233766,0.331169,0.376623,0.454545,1.52381,1.71429,2.14286,2.52381
27450,GOX,0,0,0.584416,3.2381,0.525974,0.194805,0.519481,0.266234,2.95238,1.14286,3.14286,1.52381
27500,PL,0,0,0.56129,3.14286,0.406452,0.4,0.535484,0.516129,1.57143,1.61905,3.14286,3.09524
27550,GrPX,0,1,0.525974,3.14286,0.327044,0.232704,0.490323,0.432258,2,1.38095,2.90476,2.33333
27600,GOX,0,0,0.487013,2.90476,0.415584,0.155844,0.538961,0.551948,2.61905,0.952381,3.19048,2.90476
27650,AOX,0,0,0.425806,3.09524,0.083871,0.406452,0.24026,0.435065,0.571429,2.66667,1.57143,2.66667
27700,LOX,0,1,0.525974,3.19048,0.493506,0.136364,0.5,0.175325,2.85714,0.809524,3,1.09524
27750,OX,0,0,0.532468,3,0.279221,0.344156,0.38961,0.344156,1.71429,2.04762,2.09524,2.19048
27800,GOX,0,0,0.493506,2.80952,0.233766,0.376623,0.441558,0.448052,1.47619,1.95238,2.61905,2.52381
27850,PL,0,0,0.577922,3.28571,0.38961,0.435065,0.584416,0.487013,1.61905,1.66667,3,2.71429
27900,GOX,0,1,0.538961,2.90476,0.207792,0.558442,0.454545,0.512987,1.33333,3.09524,2.7619,2.7619
27950,GrPX,1,1,0.493506,3.04762,0.29375,0.26875,0.419355,0.303226,1.52381,1.80952,2.66667,1.95238
28000,GOX,0,0,0.642857,3.52381,0.298701,0.571429,0.487013,0.616883,1.61905,3.09524,2.85714,3.71429
28050,GrPX,0,1,0.529032,3.47619,0.310976,0.317073,0.589744,0.512821,1.95238,2,3.42857,3.2381
28100,UOX,0,0,0.467532,3.04762,0.454545,0.584416,0.551948,0.538961,2.2381,2.85714,3.09524,3.2381
28150,OX,0,0,0.597403,3.38095,0.506494,0.227273,0.538961,0.38961,2.80952,1.14286,3.28571,1.95238
28200,AOX,0,0,0.525974,3.19048,0.441558,0.116883,0.428571,0.103896,2.42857,0.904762,2.33333,0.904762
28250,PL,0,0,0.461039,2.71429,0.357143,0.383117,0.441558,0.402597,1.33333,1.38095,2.71429,2
28300,PL,0,0,0.467532,2.95238,0.363636,0.331169,0.38961,0.448052,1.47619,1.47619,2.2381,2.61905
28350,GOX,0,0,0.616883,3.42857,0.318182,0.396104,0.558442,0.38961,1.7619,2.28571,3.04762,2.38095
28400,OX,1,1,0.5,2.80952,0.5,0,0.5,0,2.80952,0,2.80952,0
28450,PL,0,0,0.512987,2.90476,0.324675,0.363636,0.435065,0.448052,1.42857,1.47619,2.7619,2.61905
28500,GOX,0,0,0.487013,2.80952,0.331169,0.324675,0.428571,0.363636,1.95238,1.61905,2.52381,1.95238
28550,AOX,0,0,0.512987,2.90476,0.409091,0.207792,0.422078,0.331169,2.28571,1.14286,2.85714,1.7619
28600,PMX,0,0,0.188312,1.38095,0.0519481,0.142857,0.0714286,0.181818,0.380952,1.19048,0.571429,1.33333
28650,OX,0,0,0.545455,3.14286,0.331169,0.266234,0.512987,0.38961,1.85714,1.85714,2.95238,2.38095
28700,AOX,0,0,0.506494,2.85714,0.305195,0.292208,0.435065,0.266234,1.66667,1.7619,2.33333,1.42857
28750,AOX,0,0,0.522581,2.95238,0.509677,0.141935,0.509677,0.135484,3.14286,0.857143,2.90476,0.714286
28800,OX,0,1,0.597403,3.47619,0.0519481,0.61039,0.116883,0.603896,0.333333,3.52381,0.619048,3.52381
28850,OX,0,0,0.402597,2.38095,0.227273,0.266234,0.246753,0.435065,1.28571,1.38095,1.28571,2.28571
28900,GrPX,1,1,0.454545,2.14286,0.257862,0.251572,0.451613,0.393548,1.28571,1.28571,2.52381,2.28571
28950,EAX,0,0,0.331169,1.80952,0.121429,0.435714,0.593548,0.580645,2.28571,3.61905,3.14286,3.14286
29000,LOX,0,0,0.522876,3.14286,0.558442,0.0584416,0.545455,0.285714,3.28571,0.285714,2.95238,1.90476
29050,PMX,0,1,0.480519,2.42857,0.25974,0.25974,0.279221,0.207792,1.38095,1.2381,1.47619,1
29100,PMX,0,0,0.480519,2.52381,0.188312,0.383117,0.292208,0.493506,1,1.95238,1.61905,2.52381
29150,OX,0,0,0.38961,2.2381,0.0324675,0.383117,0,0.38961,0.0952381,2.2381,0,2.2381
29200,PL,0,0,0.558442,3.14286,0.396104,0.409091,0.584416,0.525974,1.57143,1.57143,3.09524,3.28571
29250,GrPX,0,0,0.480519,2.52381,0.21519,0.291139,0.266234,0.337662,1.04762,1.66667,1.52381,1.7619
29300,PL,0,0,0.564935,3.28571,0.396104,0.422078,0.538961,0.461039,1.61905,1.66667,3.2381,2.28571
29350,GOX,0,0,0.396104,2.14286,0.246753,0.24026,0.415584,0.305195,1.42857,1.09524,2.2381,1.80952
29400,PL,0,0,0.461039,2.7619,0.298701,0.305195,0.350649,0.506494,1.47619,1.38095,2.19048,2.85714
29450,GrPX,0,0,0.454545,2.80952,0.254777,0.216561,0.283871,0.470968,1.71429,1.42857,1.71429,2.85714
29500,PL,0,0,0.311688,1.42857,0.188312,0.207792,0.188312,0.285714,0.714286,0.714286,1.14286,1.38095
29550,GOX,0,0,0.551948,3.04762,0.253247,0.415584,0.467532,0.474026,1.28571,2.2381,2.57143,2.57143
29600,GOX,0,0,0.532468,3.09524,0.396104,0.311688,0.538961,0.454545,2.38095,1.95238,3.42857,2.66667
29650,OX,0,0,0.441558,2.52381,0.207792,0.318182,0.24026,0.396104,1.14286,1.90476,1.2381,2.28571
29700,UOX,0,0,0.454545,2.38095,0.532468,0.577922,0.402597,0.538961,2.57143,2.85714,2.2381,2.71429
29750,LOX,0,0,0.538961,3.14286,0.5,0.0649351,0.512987,0.246753,3,0.380952,3.09524,1.33333
29800,UOX,0,0,0.571429,3.19048,0.577922,0.623377,0.5,0.551948,3.19048,3.28571,2.7619,2.85714
29850,LOX,0,0,0.519481,3.14286,0.519481,0,0.519481,0,3.14286,0,3.14286,0
29900,GrPX,0,0,0.487013,2.7619,0.273885,0.248408,0.432258,0.432258,1.52381,1.52381,2.66667,2.61905
29950,GrPX,0,1,0.512987,2.42857,0.333333,0.232704,0.403846,0.352564,1.7619,1,2.57143,2.28571
30000,LOX,0,0,0.5,2.90476,0.428571,0.201299,0.38961,0.311688,2.2381,1,2.19048,1.7619
30050,PMX,0,0,0.525974,3.14286,0.357143,0.253247,0.441558,0.383117,2.2381,1.28571,2.33333,2.09524
30100,PMX,0,0,0.383117,2,0.266234,0.142857,0.298701,0.162338,1.42857,0.714286,1.52381,0.714286
30150,PMX,0,0,0.461039,2.95238,0.201299,0.331169,0.266234,0.376623,1.33333,1.95238,1.66667,2.14286
30200,UOX,0,1,0.357143,2.04762,0.448052,0.506494,0.487013,0.487013,2.14286,2.19048,2.66667,2.90476
30250,PL,0,0,0.503226,3.28571,0.383117,0.344156,0.5,0.5,1.61905,1.71429,3.2381,3
30300,AOX,0,0,0.461039,2.90476,0.0649351,0.448052,0.136364,0.454545,0.380952,2.80952,0.761905,3
30350,AOX,0,0,0.422078,2.47619,0.344156,0.201299,0.383117,0.37013,2,1.2381,1.90476,2.52381
30400,UOX,0,0,0.506494,2.71429,0.532468,0.61039,0.480519,0.467532,2.71429,2.95238,3,2.95238
30450,UOX,0,0,0.532468,3,0.5,0.584416,0.512987,0.474026,2.61905,2.61905,3.14286,2.61905
30500,EAX,0,0,0.448052,2.42857,0.122302,0.532374,0.396104,0.448052,2.04762,3.57143,2.61905,2.85714
30550,PL,0,0,0.357143,1.57143,0.233766,0.233766,0.285714,0.363636,0.761905,0.809524,1.85714,2.14286
30600,GOX,0,0,0.422078,2.42857,0.25974,0.350649,0.428571,0.558442,1.61905,2.04762,2.47619,3.2381
30650,UOX,0,1,0.422078,2.14286,0.428571,0.5,0.487013,0.422078,2.14286,2.38095,2.80952,2.28571
30700,AOX,0,0,0.467532,3.09524,0.123377,0.474026,0.266234,0.454545,0.809524,3.04762,1.47619,3
30750,GOX,0,0,0.363636,2.04762,0.175325,0.246753,0.37013,0.279221,1.19048,1.28571,2.04762,1.61905
30800,AOX,0,1,0.487013,3.04762,0.038961,0.493506,0.0974026,0.467532,0.190476,3.09524,0.47619,3
30850,AOX,0,0,0.512987,3.09524,0.25974,0.383117,0.298701,0.428571,1.47619,2.57143,1.90476,2.7619
30900,GOX,0,0,0.298701,1.38095,0.305195,0.0974026,0.337662,0.162338,1.71429,0.761905,1.95238,1.04762
30950,UOX,0,0,0.588235,3.19048,0.590909,0.616883,0.538961,0.590909,3.42857,3,3.2381,3.28571
31000,EAX,0,0,0.324675,1.66667,0.242857,0.292857,0.584416,0.538961,2.61905,3.04762,3.33333,3.14286
31050,LOX,0,0,0.318182,1.95238,0.246753,0.11039,0.298701,0.188312,1.47619,0.52381,1.80952,1.04762
31100,PMX,0,0,0.519481,2.90476,0.376623,0.253247,0.337662,0.181818,2.2381,1.19048,2.04762,0.857143
31150,UOX,0,0,0.350649,1.95238,0.350649,0.402597,0.292208,0.337662,1.66667,2.04762,1.33333,2
31200,UOX,0,0,0.461039,2.80952,0.525974,0.558442,0.428571,0.506494,2.47619,2.85714,2.57143,2.90476
31250,GrPX,0,1,0.480519,3.19048,0.24375,0.25625,0.346154,0.365385,1.61905,1.66667,2,2.14286
31300,GOX,0,0,0.357143,1.80952,0.24026,0.188312,0.383117,0.376623,1.38095,1.14286,2.28571,2.19048
31350,EAX,0,0,0.545455,3.09524,0.114286,0.671429,0.512987,0.461039,1.95238,4.33333,3.19048,2.71429
31400,OX,0,0,0.467532,2.71429,0.467532,0.116883,0.467532,0.266234,2.7619,0.52381,2.57143,1.42857
31450,UOX,0,0,0.512987,3,0.512987,0.564935,0.493506,0.532468,2.57143,2.95238,2.85714,2.7619
31500,GrPX,0,0,0.51634,2.85714,0.257862,0.289308,0.490323,0.432258,1.47619,1.71429,2.90476,2.71429
31550,LOX,1,1,0.5,2.38095,0.0909091,0.435065,0.136364,0.435065,0.333333,2.09524,0.571429,2.04762
31600,PMX,0,0,0.516129,3.04762,0.187097,0.483871,0.245161,0.516129,1.14286,2.52381,1.38095,2.80952
31650,AOX,0,0,0.25974,1.2381,0.0844156,0.279221,0.357143,0.422078,0.47619,1.38095,2,2.33333
31700,AOX,0,0,0.272727,1.47619,0.201299,0.175325,0.272727,0.246753,1.04762,0.952381,1.61905,1.28571
31750,PMX,0,0,0.545455,3.2381,0.181818,0.422078,0.194805,0.448052,1.14286,2.61905,1.28571,2.85714
31800,LOX,1,1,0.5,2.61905,0.454545,0.0649351,0.5,0.0324675,2.33333,0.380952,2.71429,0.190476
31850,GOX,0,1,0.324675,1.85714,0.0584416,0.357143,0.0974026,0.357143,0.380952,1.95238,0.571429,1.85714
31900,PL,0,0,0.519481,3.2381,0.37013,0.38961,0.493506,0.538961,1.61905,1.61905,2.66667,3.19048
31950,GrPX,1,0,0.441558,2.33333,0.169811,0.314465,0.303226,0.43871,0.952381,1.7619,1.66667,2.47619
32000,PL,0,0,0.512987,3,0.350649,0.402597,0.454545,0.597403,1.47619,1.52381,3,3.57143
32050,UOX,0,0,0.402597,2.33333,0.558442,0.506494,0.512987,0.448052,2.47619,2.33333,2.85714,2.19048
32100,AOX,0,1,0.580645,3.38095,0.503226,0.16129,0.558442,0.162338,2.95238,0.952381,3.19048,1.19048
32150,OX,0,0,0.480519,2.90476,0.285714,0.357143,0.474026,0.493506,1.61905,2.2381,2.7619,2.90476
32200,EAX,0,0,0.350649,2.14286,0.115108,0.438849,0.454545,0.454545,2.09524,3.33333,2.90476,2.57143
32250,LOX,0,0,0.467532,2.71429,0.279221,0.24026,0.37013,0.25974,1.61905,1.42857,2.14286,1.28571
32300,GrPX,1,0,0.383117,2.19048,0.278481,0.14557,0.4,0.258065,1.47619,0.857143,2.38095,1.61905
32350,AOX,0,1,0.357143,1.80952,0.37013,0.0519481,0.422078,0.0844156,1.7619,0.190476,2.14286,0.52381
32400,UOX,0,0,0.435065,2.52381,0.538961,0.61039,0.493506,0.461039,2.61905,2.66667,3.09524,2.90476
32450,GrPX,0,0,0.207792,1.14286,0.128205,0.0833333,0.142857,0.155844,0.714286,0.47619,0.809524,0.857143
32500,OX,0,0,0.266234,1.57143,0.344156,0.149351,0.38961,0.227273,2.09524,1.14286,2.04762,1.2381
32550,UOX,0,0,0.318182,1.7619,0.454545,0.461039,0.409091,0.383117,2.33333,2,2.28571,2.33333
32600,UOX,0,0,0.402597,2.28571,0.487013,0.577922,0.415584,0.435065,2.33333,2.80952,2.19048,2.42857
32650,GOX,0,0,0.344156,1.66667,0.103896,0.376623,0.285714,0.435065,0.761905,2,1.52381,2.42857
32700,LOX,0,0,0.318182,1.80952,0.12987,0.194805,0.136364,0.220779,0.809524,1,0.809524,1.09524
32750,PL,0,0,0.541935,3.38095,0.393548,0.393548,0.496774,0.490323,1.66667,1.71429,3.09524,2.61905
32800,GrPX,0,0,0.428571,2.33333,0.2375,0.23125,0.470968,0.380645,1.33333,1.38095,2.85714,2.38095
32850,AOX,0,1,0.246753,1.57143,0.11039,0.175325,0.175325,0.24026,0.809524,0.952381,1,1.38095
32900,GOX,0,0,0.324675,2,0.227273,0.175325,0.402597,0.292208,1.52381,0.857143,2.52381,1.71429
32950,PMX,1,1,0.448052,2.42857,0.454545,0.0714286,0.415584,0.0909091,2.52381,0.238095,2.61905,0.380952
33000,GrPX,0,1,0.467532,3.04762,0.222222,0.271605,0.412903,0.412903,1.7619,1.80952,2.80952,2.61905
33050,OX,0,0,0.577922,3.09524,0.512987,0.227273,0.480519,0.519481,2.66667,1.52381,2.80952,2.90476
33100,UOX,0,0,0.409091,2.33333,0.428571,0.551948,0.525974,0.480519,2.09524,2.71429,3.09524,2.80952
33150,GrPX,0,0,0.5,2.85714,0.25625,0.2875,0.470968,0.309677,1.52381,1.66667,2.71429,2.04762
33200,GrPX,1,1,0.0519481,0.142857,0.0516129,0.00645161,0.0519481,0,0.142857,0.047619,0.142857,0
33250,GOX,0,0,0.441558,2.61905,0.292208,0.318182,0.266234,0.37013,1.57143,1.71429,1.66667,1.90476
33300,GOX,0,0,0.564935,3.14286,0.551948,0.175325,0.506494,0.383117,3.04762,0.904762,3.04762,1.95238
33350,GrPX,0,1,0.253247,1.42857,0.165605,0.11465,0.245161,0.225806,1,0.619048,1.42857,1.19048
33400,OX,0,1,0.493506,2.80952,0.181818,0.493506,0.227273,0.525974,1.42857,3.04762,1.38095,2.80952
33450,UOX,0,0,0.311688,1.71429,0.38961,0.409091,0.350649,0.396104,1.66667,1.85714,2.2381,2.33333
33500,LOX,0,0,0.448052,2.38095,0.435065,0.0649351,0.415584,0.142857,2.33333,0.285714,2.14286,0.952381
33550,PL,0,0,0.512987,2.90476,0.357143,0.383117,0.5,0.519481,1.42857,1.52381,2.66667,3.19048
33600,PMX,0,0,0.266234,1.42857,0.142857,0.155844,0.0974026,0.227273,0.809524,0.761905,0.47619,1.2381
33650,OX,0,1,0.428571,2.38095,0.324675,0.162338,0.383117,0.188312,1.7619,0.857143,1.85714,1
33700,AOX,0,0,0.155844,0.857143,0,0.155844,0,0.155844,0,0.857143,0,0.857143
33750,PMX,0,1,0.493506,2.7619,0.162338,0.422078,0.123377,0.493506,0.857143,2.14286,0.619048,2.61905
33800,PMX,0,0,0.461039,2.85714,0.0324675,0.467532,0.0649351,0.480519,0.190476,2.85714,0.380952,2.7619
33850,UOX,0,1,0.551948,3.19048,0.448052,0.558442,0.564935,0.532468,2.19048,3.14286,3.09524,3
33900,GOX,0,0,0.253247,1.47619,0.142857,0.318182,0.201299,0.415584,0.952381,2.33333,1.14286,2.52381
33950,AOX,0,0,0,0,0.136364,0.136364,0.279221,0.279221,0.952381,0.952381,1.52381,1.52381
34000,OX,0,0,0.532468,2.80952,0.0909091,0.545455,0.233766,0.532468,0.52381,2.85714,1.2381,2.85714
34050,AOX,0,0,0.545455,3.09524,0.441558,0.194805,0.474026,0.350649,2.57143,1.2381,2.90476,2.38095
34100,UOX,0,0,0.396104,2.14286,0.37013,0.487013,0.474026,0.506494,2.19048,2.90476,2.61905,2.95238
34150,OX,0,0,0.5,3,0.512987,0.116883,0.525974,0.305195,3.38095,0.666667,3.2381,1.61905
34200,UOX,0,0,0.538961,3.14286,0.538961,0.558442,0.512987,0.545455,2.66667,3.09524,2.66667,3
34250,LOX,0,1,0.506494,2.90476,0.38961,0.233766,0.422078,0.298701,1.85714,1.38095,2.2381,1.61905
34300,UOX,1,0,0,0,0,0,0.0324675,0.0324675,0,0,0.190476,0.190476
34350,AOX,0,0,0.37013,1.71429,0.0519481,0.38961,0.038961,0.357143,0.333333,1.90476,0.0952381,1.66667
34400,OX,0,0,0.344156,1.7619,0.350649,0.0454545,0.383117,0.0779221,1.7619,0.142857,2.09524,0.47619
34450,AOX,0,0,0.396104,1.90476,0.324675,0.194805,0.37013,0.292208,1.52381,1.09524,2,1.7619
34500,EAX,0,0,0.519481,2.7619,0.582734,0.143885,0.554839,0.516129,3.90476,2.47619,3.19048,3.33333
34550,AOX,0,0,0.454545,2.7619,0.285714,0.272727,0.441558,0.487013,1.85714,1.66667,2.61905,2.71429
34600,EAX,0,0,0.516129,2.80952,0.121429,0.592857,0.551948,0.551948,2.2381,4.04762,3.19048,3.57143
34650,EAX,0,0,0.467532,2.95238,0.121429,0.578571,0.487013,0.525974,1.95238,3.90476,2.80952,3.57143
34700,GrPX,0,0,0.571429,3.04762,0.310559,0.273292,0.419355,0.496774,1.85714,1.66667,2.71429,2.66667
34750,EAX,0,0,0.587097,3.47619,0.12766,0.680851,0.545455,0.545455,2.14286,4.28571,3.19048,3.52381
34800,AOX,0,1,0.207792,1.2381,0.038961,0.181818,0.0584416,0.214286,0.285714,1,0.285714,1.2381
34850,PMX,0,1,0.454545,2.52381,0.298701,0.201299,0.279221,0.292208,1.7619,1.2381,1.28571,1.61905
34900,LOX,1,1,0.298701,1.38095,0.311688,0.012987,0.298701,0,1.42857,0.047619,1.38095,0
34950,PMX,0,0,0.506494,2.7619,0.37013,0.220779,0.448052,0.305195,2.09524,1.04762,2.47619,1.38095
35000,EAX,0,0,0.0324675,0.142857,0.122302,0.122302,0.474026,0.454545,2.09524,2.04762,2.80952,2.71429
35050,PMX,0,1,0.253247,1.52381,0.038961,0.233766,0,0.253247,0.285714,1.42857,0,1.52381
35100,PMX,0,1,0.383117,2.19048,0.0454545,0.409091,0.0584416,0.402597,0.428571,2.09524,0.380952,2.19048
35150,OX,0,0,0.623377,3.28571,0.123377,0.564935,0.194805,0.616883,0.666667,2.90476,1,3.33333
35200,OX,0,0,0.564935,3.38095,0.402597,0.305195,0.480519,0.487013,2.14286,1.90476,2.85714,2.90476
35250,LOX,0,0,0.142857,0.619048,0.0974026,0.0714286,0.12987,0.103896,0.47619,0.238095,0.666667,0.47619
35300,OX,0,0,0.38961,2.09524,0.12987,0.318182,0.181818,0.344156,0.714286,1.71429,1.04762,1.7619
35350,EAX,0,0,0.493506,2.71429,0.122302,0.582734,0.542484,0.470588,2.57143,4.09524,3.04762,2.66667
35400,EAX,0,0,0.350649,2.09524,0.122302,0.431655,0.435065,0.448052,2.09524,3.57143,2.61905,2.57143
35450,EAX,0,0,0.253247,1.61905,0.122302,0.330935,0.532468,0.545455,2.28571,2.66667,2.90476,3.14286
35500,GOX,0,0,0.532468,3.14286,0.279221,0.383117,0.357143,0.376623,1.57143,2.14286,2.09524,2.2381
35550,GOX,0,0,0.266234,1.52381,0.0584416,0.285714,0.188312,0.292208,0.47619,1.52381,0.761905,1.52381
35600,OX,0,0,0.435065,2.14286,0.435065,0.155844,0.480519,0.292208,2.42857,0.904762,2.52381,1.52381
35650,AOX,0,0,0.37013,2.04762,0.0519481,0.38961,0.246753,0.415584,0.190476,2.09524,1.19048,2.33333
35700,PL,0,0,0.344156,1.95238,0.272727,0.266234,0.344156,0.324675,0.952381,1,1.95238,1.7619
35750,GrPX,0,0,0.551948,2.57143,0.232704,0.352201,0.371795,0.551282,1.33333,1.85714,2.42857,3.2381
35800,GrPX,0,1,0.519481,3.19048,0.2,0.35,0.451613,0.509677,1.42857,2.19048,2.2381,3.14286
35850,OX,0,0,0.554839,3.28571,0.251613,0.393548,0.393548,0.432258,1.7619,2.2381,2.71429,2.66667
35900,PMX,0,0,0.538961,3.28571,0.396104,0.246753,0.383117,0.402597,2.38095,1.42857,2.33333,2.38095
35950,PMX,1,1,0.292208,1.47619,0.220779,0.103896,0.175325,0.136364,1.19048,0.333333,1,0.571429
36000,EAX,0,0,0.311688,1.80952,0.388489,0.136691,0.506494,0.506494,3.28571,2.57143,3.04762,2.71429
36050,EAX,0,0,0.441558,2.47619,0.57554,0.107914,0.474026,0.564935,3.80952,2,2.61905,3.2381
36100,PMX,0,0,0.564935,3.2381,0.0779221,0.551948,0.220779,0.525974,0.380952,3.14286,1.38095,3.14286
36150,UOX,0,0,0.467532,2.28571,0.454545,0.545455,0.467532,0.474026,2.38095,2.71429,2.71429,2.57143
36200,GrPX,0,1,0.538961,3.04762,0.238994,0.333333,0.365385,0.423077,1.61905,1.95238,2.14286,2.42857
36250,GrPX,0,1,0.266234,1.47619,0.141026,0.147436,0.225806,0.225806,0.857143,0.761905,1.28571,1.33333
36300,UOX,0,0,0.331169,1.90476,0.350649,0.383117,0.383117,0.331169,1.71429,1.7619,2.09524,2
36350,UOX,0,0,0.233766,1.09524,0.292208,0.331169,0.292208,0.318182,1.14286,1.38095,1.57143,1.80952
36400,PL,0,0,0.350649,1.7619,0.220779,0.272727,0.409091,0.461039,0.857143,0.904762,2.2381,2.66667
36450,PL,0,0,0.25974,1.38095,0.194805,0.194805,0.292208,0.305195,0.666667,0.714286,1.66667,1.7619
36500,EAX,0,0,0.279221,1.57143,0.129496,0.338129,0.496732,0.490196,2.66667,3.09524,2.61905,2.66667
36550,UOX,0,0,0.519481,2.7619,0.5,0.571429,0.538961,0.435065,2.38095,2.85714,2.57143,2.33333
36600,EAX,0,0,0.350649,2.19048,0.201439,0.366906,0.519481,0.461039,2.61905,3.42857,3.14286,2.95238
36650,GOX,0,0,0.564935,2.66667,0.116883,0.519481,0.123377,0.571429,0.571429,2.66667,0.619048,2.90476
36700,PL,0,0,0.292208,1.61905,0.220779,0.233766,0.344156,0.227273,0.809524,0.809524,1.66667,1.19048
36750,UOX,0,1,0.532468,3.14286,0.532468,0.564935,0.590909,0.545455,2.90476,2.71429,3.38095,2.95238
36800,PL,0,0,0.506494,2.90476,0.363636,0.376623,0.480519,0.454545,1.42857,1.47619,2.57143,2.71429
36850,UOX,0,0,0.37013,1.95238,0.357143,0.467532,0.324675,0.363636,1.7619,2.2381,1.90476,2.14286
36900,PMX,0,0,0.227273,1.09524,0.181818,0.0454545,0.181818,0.0454545,0.904762,0.190476,0.904762,0.190476
36950,AOX,0,1,0.324675,1.52381,0.253247,0.116883,0.344156,0.0779221,1,0.571429,1.47619,0.333333
37000,EAX,0,0,0.279221,1.38095,0.179856,0.302158,0.467532,0.461039,2.61905,2.71429,2.47619,2.71429
37050,OX,0,0,0.363636,1.85714,0.201299,0.253247,0.253247,0.253247,1.04762,1.38095,1.38095,1.38095
37100,GOX,0,0,0.493506,2.7619,0.116883,0.506494,0.188312,0.487013,0.809524,3.04762,1.28571,3
37150,GOX,0,0,0.357143,1.95238,0.201299,0.246753,0.331169,0.24026,1.2381,1.28571,1.7619,1.33333
37200,EAX,0,1,0.357143,2.04762,0.115108,0.47482,0.509677,0.477419,2.47619,3.85714,3.33333,2.85714
37250,GOX,0,0,0.532468,2.90476,0.246753,0.324675,0.376623,0.350649,1.38095,1.80952,2.14286,2.14286
37300,AOX,0,0,0.396104,2.04762,0.149351,0.305195,0.253247,0.428571,0.809524,1.42857,1.61905,2.28571
37350,PL,0,0,0.519481,2.85714,0.409091,0.337662,0.538961,0.538961,1.42857,1.42857,3.28571,3.19048
37400,PL,0,0,0.480519,2.90476,0.37013,0.331169,0.519481,0.467532,1.42857,1.47619,2.85714,2.90476
37450,AOX,0,0,0.298701,1.57143,0.253247,0.123377,0.337662,0.207792,1.28571,0.619048,1.71429,1.2381
37500,GrPX,1,1,0.467532,3.2381,0.271605,0.216049,0.348387,0.412903,1.90476,1.52381,1.90476,2.47619
37550,OX,0,0,0.428571,2.42857,0.38961,0.0974026,0.402597,0.136364,2.28571,0.47619,2.28571,0.666667
37600,EAX,0,0,0.383117,1.95238,0.136691,0.489209,0.51634,0.51634,2.2381,3.38095,3.14286,3.09524
37650,GrPX,1,0,0.487013,2.71429,0.186335,0.347826,0.448718,0.467949,1.04762,2.14286,2.52381,2.66667
37700,PMX,0,1,0.285714,1.66667,0.142857,0.214286,0.149351,0.279221,0.666667,1.28571,1,1.66667
37750,GrPX,0,1,0.493506,2.47619,0.227848,0.322785,0.378205,0.429487,1.38095,1.66667,2.2381,2.61905
37800,OX,0,0,0.25974,1.14286,0.136364,0.207792,0.357143,0.415584,0.714286,1,1.80952,2.04762
37850,AOX,0,0,0.415584,2.19048,0.220779,0.272727,0.305195,0.292208,0.952381,1.47619,1.66667,1.71429
37900,GOX,0,0,0,0,0.0194805,0.0194805,0.116883,0.116883,0.0952381,0.0952381,0.571429,0.571429
37950,PMX,0,0,0.0519481,0.238095,0,0.0519481,0,0.0519481,0,0.238095,0,0.238095
38000,AOX,0,0,0.136364,0.714286,0.0974026,0.201299,0.214286,0.324675,0.666667,1.28571,1.19048,1.71429
38050,UOX,0,0,0.5,2.71429,0.428571,0.532468,0.519481,0.402597,2.19048,2.57143,2.90476,2
38100,EAX,0,0,0.435065,2.71429,0.482014,0.158273,0.437908,0.503268,3.85714,2.47619,2.52381,2.95238
38150,GOX,0,1,0.175325,1,0.0649351,0.24026,0.168831,0.324675,0.428571,1.42857,1,2
38200,PMX,0,0,0.0454545,0.238095,0,0.0454545,0,0.0454545,0,0.238095,0,0.238095
38250,EAX,0,0,0.461039,2.71429,0.294964,0.381295,0.490196,0.470588,3.52381,3.04762,3,2.71429
38300,LOX,0,1,0.318182,1.52381,0.246753,0.142857,0.331169,0.298701,1.19048,0.714286,1.90476,2.04762
38350,UOX,0,0,0.474026,2.33333,0.422078,0.590909,0.493506,0.525974,2.09524,3.04762,2.85714,3.2381
38400,LOX,0,0,0.0974026,0.47619,0.0844156,0.0714286,0.175325,0.155844,0.428571,0.380952,0.857143,0.666667
38450,UOX,0,1,0.0714286,0.285714,0.116883,0.136364,0.155844,0.149351,0.52381,0.619048,0.761905,0.714286
38500,PL,0,0,0.562092,3.14286,0.437908,0.392157,0.496732,0.54902,1.57143,1.57143,2.71429,3.14286
38550,PMX,0,0,0.266234,1.19048,0.038961,0.24026,0.12987,0.279221,0.285714,1,0.571429,1.38095
38600,EAX,0,0,0.181818,1.04762,0.201439,0.18705,0.532468,0.532468,2.2381,2.38095,2.66667,2.90476
38650,AOX,0,0,0.402597,2.19048,0.0324675,0.435065,0.162338,0.441558,0.142857,2.33333,0.952381,2.38095
38700,AOX,0,0,0.5,2.85714,0.37013,0.233766,0.376623,0.415584,1.95238,1.42857,2.09524,2.47619
38750,PL,0,0,0.538961,2.85714,0.350649,0.344156,0.493506,0.474026,1.47619,1.42857,2.61905,2.7619
38800,LOX,0,0,0.551948,3.14286,0.279221,0.318182,0.305195,0.409091,1.80952,1.71429,1.95238,2.28571
38850,AOX,0,0,0.512987,3.19048,0.311688,0.298701,0.525974,0.324675,1.71429,2,3.04762,1.95238
38900,GOX,0,0,0.292208,1.52381,0.298701,0.0974026,0.376623,0.266234,1.57143,0.380952,1.90476,1.38095
38950,UOX,0,0,0.493506,3.14286,0.506494,0.597403,0.493506,0.571429,2.85714,2.80952,2.85714,3.2381
39000,LOX,0,0,0.311688,1.66667,0.285714,0.0779221,0.324675,0.11039,1.57143,0.285714,1.80952,0.47619
39050,GrPX,0,0,0.396104,2.14286,0.189873,0.208861,0.367742,0.309677,1.19048,1.2381,2.2381,2.04762
39100,AOX,0,1,0.584416,3.2381,0.363636,0.285714,0.428571,0.37013,2.09524,1.61905,2.52381,1.95238
39150,LOX,0,0,0.506494,2.61905,0.506494,0.0454545,0.454545,0.0584416,2.61905,0.190476,2.38095,0.238095
39200,GOX,0,0,0.331169,1.85714,0.136364,0.318182,0.181818,0.415584,0.666667,1.57143,1.28571,2.09524
39250,OX,0,0,0.402597,2.14286,0.402597,0.11039,0.493506,0.344156,2.14286,0.52381,2.66667,1.85714
39300,PMX,0,1,0.461039,2.28571,0.0454545,0.448052,0,0.461039,0.190476,2.14286,0,2.28571
39350,OX,0,0,0.396104,2.09524,0.220779,0.298701,0.383117,0.428571,1.19048,1.66667,2.38095,2.7619
39400,GrPX,0,0,0.0519481,0.285714,0.0519481,0,0.0519481,0,0.285714,0,0.285714,0
39450,EAX,0,0,0.0974026,0.47619,0.122302,0.18705,0.54902,0.535948,1.90476,2.28571,3,2.95238
39500,LOX,0,1,0.253247,1.2381,0.12987,0.181818,0.142857,0.194805,0.619048,0.952381,0.619048,0.904762
39550,LOX,0,0,0.220779,1.33333,0.227273,0.0714286,0.201299,0.0974026,1.33333,0.333333,1.28571,0.428571
39600,PL,0,0,0.383117,2.04762,0.246753,0.246753,0.448052,0.357143,1,1.04762,2.33333,2.09524
39650,UOX,0,0,0.383117,2,0.266234,0.428571,0.253247,0.324675,1.28571,2.14286,1.28571,1.66667
39700,PL,0,0,0.155844,0.761905,0.123377,0.0844156,0.246753,0.253247,0.380952,0.380952,1.42857,1.42857
39750,UOX,0,0,0.155844,0.761905,0.207792,0.227273,0.25974,0.279221,0.904762,0.904762,1.38095,1.38095
39800,PL,0,0,0.136364,0.666667,0.0844156,0.0779221,0.220779,0.253247,0.333333,0.333333,1.47619,1.61905
39850,AOX,1,1,0.253247,1.52381,0.0714286,0.214286,0.0714286,0.207792,0.380952,1.28571,0.52381,1.28571
39900,PL,0,0,0.470968,2.57143,0.292208,0.318182,0.428571,0.357143,1.28571,1.28571,2.38095,2.04762
39950,PMX,0,1,0.448052,2.42857,0.246753,0.298701,0.201299,0.396104,1.38095,1.47619,1.04762,2.2381
40000,LOX,0,1,0.350649,1.7619,0.266234,0.155844,0.311688,0.24026,1.42857,0.571429,1.85714,1.2381
40050,UOX,0,0,0.467532,3,0.448052,0.525974,0.487013,0.564935,2,2.95238,2.7619,3.09524
40100,LOX,0,0,0.525974,2.85714,0.532468,0.0324675,0.558442,0.0584416,2.85714,0.142857,3,0.333333
40150,PMX,0,0,0.538961,2.90476,0.227273,0.350649,0.220779,0.344156,1.09524,2,1.09524,2
40200,OX,0,0,0,0,0,0,0,0,0,0,0,0
40250,UOX,0,0,0.519481,2.7619,0.441558,0.538961,0.467532,0.5,2.42857,2.66667,2.80952,3
40300,LOX,0,0,0.350649,1.61905,0.038961,0.344156,0.0844156,0.311688,0.142857,1.57143,0.571429,1.52381
40350,GrPX,1,0,0.493506,2.95238,0.2,0.31875,0.455128,0.474359,1.2381,1.90476,2.71429,3
40400,PL,0,0,0.311688,1.57143,0.207792,0.220779,0.292208,0.337662,0.761905,0.809524,1.7619,1.85714
40450,UOX,0,0,0.487013,2.71429,0.525974,0.577922,0.474026,0.532468,2.7619,2.95238,3,3.09524
40500,PL,0,0,0.415584,2.38095,0.331169,0.311688,0.519481,0.512987,1.19048,1.19048,2.95238,3.14286
40550,OX,0,1,0.551948,2.90476,0.0324675,0.545455,0.0714286,0.551948,0.142857,2.95238,0.285714,2.85714
40600,OX,0,0,0.331169,1.52381,0.12987,0.266234,0.305195,0.461039,0.666667,1.57143,1.95238,2.66667
40650,UOX,0,0,0.538961,2.7619,0.480519,0.597403,0.474026,0.545455,2.42857,3,2.57143,2.7619
40700,GrPX,0,1,0.383117,2.42857,0.31875,0.09375,0.448718,0.307692,2.19048,0.619048,2.95238,1.85714
40750,PL,0,0,0.448052,2.47619,0.285714,0.324675,0.409091,0.487013,1.2381,1.28571,2.33333,2.85714
40800,EAX,0,0,0.538961,3.19048,0.115108,0.604317,0.558442,0.571429,1.95238,4.28571,2.90476,3.52381
40850,PMX,0,0,0.324675,1.52381,0.207792,0.188312,0.266234,0.227273,1.14286,0.809524,1.52381,1.09524
40900,PMX,0,0,0.532468,2.71429,0.512987,0.123377,0.5,0.136364,2.57143,0.666667,2.66667,0.904762
40950,UOX,0,0,0.435065,2.28571,0.422078,0.512987,0.337662,0.409091,2,2.52381,1.95238,2.09524
41000,GrPX,0,0,0.487013,2.7619,0.221519,0.316456,0.406452,0.419355,1.38095,1.71429,2.28571,2.38095
41050,UOX,0,0,0.292208,1.57143,0.305195,0.38961,0.344156,0.311688,1.38095,2,1.90476,1.71429
41100,UOX,0,0,0.512987,2.61905,0.461039,0.597403,0.467532,0.590909,2.09524,2.85714,2.47619,2.90476
41150,OX,0,0,0.532468,3.14286,0.149351,0.415584,0.207792,0.538961,0.952381,2.42857,1.19048,3.33333
41200,PMX,0,0,0.538961,2.95238,0.37013,0.272727,0.409091,0.298701,2.14286,1.38095,2.28571,1.38095
41250,EAX,0,1,0.324675,1.7619,0.136691,0.395683,0.470968,0.509677,2.47619,3.2381,3.04762,3
41300,PL,0,0,0.541935,3.33333,0.393548,0.374194,0.464516,0.535484,1.66667,1.66667,2.7619,2.95238
41350,UOX,0,0,0.564935,3.2381,0.564935,0.584416,0.577922,0.506494,3.09524,2.85714,3.33333,3.14286
41400,EAX,1,1,0,0,0,0,0,0,0,0,0,0
41450,AOX,0,0,0.162338,0.714286,0.0519481,0.168831,0.116883,0.136364,0.285714,0.809524,0.619048,0.761905
41500,PL,0,0,0.461039,2.52381,0.324675,0.357143,0.428571,0.428571,1.2381,1.28571,2.04762,2.33333
41550,PMX,0,0,0.512987,3.14286,0.331169,0.285714,0.350649,0.38961,1.85714,1.71429,2.09524,2.38095
41600,GrPX,0,1,0.487013,2.61905,0.264151,0.245283,0.480769,0.455128,1.57143,1.42857,2.90476,3.04762
41650,OX,0,0,0.551948,2.95238,0.422078,0.279221,0.487013,0.337662,2.2381,1.7619,3.09524,2.14286
41700,GOX,0,1,0.253247,1.38095,0.298701,0.155844,0.396104,0.318182,2.09524,1,2.28571,1.57143
41750,GOX,0,0,0.441558,2.14286,0.0519481,0.480519,0.103896,0.422078,0.285714,2.28571,0.619048,2.28571
41800,PMX,0,0,0.318182,1.66667,0.272727,0.123377,0.305195,0.0779221,1.33333,0.52381,1.66667,0.380952
41850,UOX,0,0,0.512987,2.57143,0.448052,0.597403,0.480519,0.532468,2.19048,2.80952,2.71429,3.04762
41900,GrPX,0,1,0.519481,3.14286,0.279503,0.285714,0.429487,0.474359,1.80952,1.66667,2.95238,2.85714
41950,UOX,0,0,0.454545,2.19048,0.428571,0.512987,0.38961,0.350649,2.14286,2.61905,2.14286,2.09524
42000,PL,0,0,0.590909,3.28571,0.454545,0.435065,0.538961,0.564935,1.61905,1.66667,3.14286,3.2381
42050,AOX,0,0,0.285714,1.42857,0.142857,0.175325,0.142857,0.220779,0.761905,0.857143,0.809524,1.09524
42100,UOX,0,0,0.227273,1.14286,0.357143,0.467532,0.324675,0.344156,1.66667,2.09524,2,2.04762
42150,LOX,1,1,0.331169,1.85714,0.318182,0.0519481,0.285714,0.0454545,1.71429,0.238095,1.61905,0.238095
42200,AOX,1,1,0.409091,2.2381,0.0779221,0.38961,0,0.409091,0.428571,2.28571,0,2.2381
42250,EAX,0,0,0.253247,1.38095,0.136691,0.309353,0.503268,0.503268,2.09524,2.61905,3.2381,3.14286
42300,GOX,0,0,0.441558,2.38095,0.25974,0.266234,0.337662,0.318182,1.33333,1.52381,1.80952,1.85714
42350,LOX,0,0,0.512821,3.19048,0.365385,0.237179,0.346154,0.49359,2.38095,1.33333,2.2381,2.7619
42400,GOX,0,0,0.571429,3.14286,0.266234,0.428571,0.461039,0.577922,1.38095,2.52381,2.71429,3.33333
42450,GOX,0,1,0.454545,2.61905,0.220779,0.331169,0.383117,0.396104,1.2381,1.7619,2.2381,2.2381
42500,AOX,0,0,0.305195,1.80952,0.142857,0.279221,0.305195,0.324675,0.714286,1.52381,1.66667,1.71429
42550,LOX,0,0,0.525974,2.90476,0.422078,0.123377,0.461039,0.188312,2.2381,0.809524,2.47619,1.14286
42600,PMX,0,0,0.448052,2.14286,0.207792,0.253247,0.24026,0.207792,1.09524,1.14286,1.14286,1
42650,UOX,0,0,0.487013,2.38095,0.480519,0.512987,0.448052,0.467532,2.38095,2.7619,2.71429,2.71429
42700,LOX,1,1,0.12987,0.52381,0.12987,0,0.12987,0,0.52381,0,0.52381,0
42750,AOX,0,1,0.545455,2.90476,0.012987,0.551948,0.025974,0.558442,0.0952381,2.95238,0.0952381,2.95238
42800,GrPX,1,1,0.545455,3.14286,0.27044,0.308176,0.448718,0.301282,1.61905,1.90476,2.85714,2.09524
42850,AOX,0,1,0.532468,2.66667,0.0714286,0.525974,0.136364,0.564935,0.380952,2.66667,0.619048,2.80952
42900,UOX,0,0,0.298701,1.52381,0.409091,0.480519,0.415584,0.350649,1.90476,2.2381,2.2381,2.28571
42950,GrPX,1,0,0.525974,3.14286,0.263804,0.343558,0.442308,0.384615,1.61905,2.19048,2.57143,2.57143
43000,PMX,0,0,0.37013,2.04762,0.285714,0.142857,0.272727,0.155844,1.71429,0.666667,1.61905,0.761905
43050,PL,0,0,0.564935,3.28571,0.422078,0.441558,0.522876,0.535948,1.61905,1.66667,3.14286,3
43100,UOX,0,0,0.285714,1.52381,0.292208,0.318182,0.396104,0.337662,1.2381,1.71429,2.14286,1.61905
43150,UOX,0,0,0.344156,2,0.350649,0.422078,0.285714,0.318182,1.80952,1.80952,1.7619,2.14286
43200,GOX,0,0,0.512987,2.52381,0.279221,0.383117,0.194805,0.396104,1.47619,1.95238,0.904762,1.95238
43250,UOX,0,0,0,0,0,0,0,0,0,0,0,0
43300,UOX,0,0,0.474026,2.61905,0.435065,0.519481,0.402597,0.5,2,2.66667,2.38095,2.90476
43350,PMX,0,0,0.363636,2.09524,0.12987,0.292208,0.246753,0.266234,0.761905,1.7619,1.42857,1.47619
43400,LOX,0,0,0.298701,1.66667,0.298701,0,0.298701,0,1.66667,0,1.66667,0
43450,GrPX,0,1,0.538961,2.90476,0.298137,0.310559,0.544872,0.397436,1.61905,1.66667,3,2.42857
43500,AOX,0,0,0.470588,2.90476,0.363636,0.279221,0.532468,0.428571,2.28571,1.61905,2.95238,2.14286
43550,LOX,0,0,0.545455,3,0.525974,0.175325,0.525974,0.24026,3.04762,0.952381,2.90476,1.38095
43600,PL,0,0,0.331169,1.80952,0.214286,0.233766,0.37013,0.305195,0.904762,0.904762,1.85714,1.61905
43650,EAX,0,0,0.545455,2.85714,0.107914,0.640288,0.584416,0.487013,1.80952,4.19048,3.19048,3.19048
43700,OX,0,0,0.525974,2.85714,0.0454545,0.525974,0.0974026,0.519481,0.190476,2.7619,0.428571,2.95238
43750,AOX,0,0,0.402597,2.2381,0.168831,0.305195,0.175325,0.311688,0.952381,1.66667,1.04762,1.71429
43800,GOX,0,0,0.37013,1.90476,0.142857,0.272727,0.357143,0.448052,0.761905,1.42857,1.80952,2.33333
43850,AOX,0,0,0.415584,2.09524,0.233766,0.246753,0.350649,0.207792,1.04762,1.28571,1.71429,1.14286
43900,UOX,0,0,0.220779,0.952381,0.324675,0.350649,0.318182,0.357143,1.42857,1.42857,1.66667,1.7619
43950,EAX,0,0,0.428571,2.42857,0.122302,0.532374,0.477124,0.51634,2,3.90476,2.71429,2.80952
44000,GOX,0,1,0.435065,2.47619,0.246753,0.331169,0.318182,0.448052,1.57143,1.61905,1.57143,2.28571
44050,PMX,0,0,0.487013,2.66667,0.0909091,0.461039,0.331169,0.474026,0.619048,2.52381,1.7619,2.42857
44100,GOX,0,1,0.272727,1.2381,0.12987,0.318182,0.175325,0.279221,0.714286,1.61905,0.857143,1.42857
44150,OX,0,0,0.266234,1.71429,0.136364,0.24026,0.201299,0.292208,0.904762,1.61905,1.28571,1.85714
44200,OX,0,0,0.415584,2.04762,0.227273,0.266234,0.344156,0.487013,1.04762,1.42857,1.7619,2.57143
44250,GOX,0,0,0.142857,0.666667,0.149351,0.0584416,0.305195,0.220779,0.952381,0.52381,1.61905,1.14286
44300,PL,0,0,0.441558,2.38095,0.357143,0.298701,0.38961,0.285714,1.19048,1.19048,2.14286,1.47619
44350,AOX,0,0,0.311688,1.57143,0.305195,0.0454545,0.311688,0.0519481,1.57143,0.238095,1.57143,0.238095
44400,PMX,0,0,0.519481,3.09524,0.305195,0.285714,0.37013,0.246753,1.66667,1.66667,2.04762,1.42857
44450,EAX,0,0,0.448052,2.52381,0.122302,0.532374,0.493506,0.512987,2.2381,3.85714,2.57143,3
44500,AOX,0,0,0.577922,3.28571,0.551948,0.0909091,0.564935,0.038961,3.04762,0.47619,3.14286,0.380952
44550,EAX,0,0,0.422078,1.95238,0.122302,0.503597,0.51634,0.496732,2.47619,3.28571,2.85714,2.66667
44600,UOX,0,0,0.24026,1.2381,0.350649,0.402597,0.337662,0.305195,1.57143,1.80952,1.7619,1.66667
44650,GOX,0,0,0.564935,3.33333,0.467532,0.207792,0.584416,0.246753,2.66667,1.28571,3.19048,1.33333
44700,OX,0,0,0.5,2.57143,0.194805,0.415584,0.25974,0.441558,1.09524,2.28571,1.38095,2.57143
44750,OX,0,0,0.474026,3.04762,0.175325,0.422078,0.220779,0.512987,0.904762,2.57143,1.2381,3.04762
44800,PL,0,0,0.181818,0.952381,0.149351,0.149351,0.116883,0.155844,0.47619,0.47619,0.619048,0.904762
44850,EAX,0,0,0.188312,1,0.129496,0.266187,0.454545,0.415584,2.47619,2.7619,2.57143,2.52381
44900,AOX,1,1,0.422078,2.2381,0.38961,0.0974026,0.441558,0.11039,2.09524,0.380952,2.2381,0.714286
44950,PL,0,0,0.525974,2.85714,0.363636,0.363636,0.493506,0.487013,1.42857,1.42857,2.85714,2.61905
45000,LOX,0,1,0.490323,2.80952,0.23871,0.380645,0.329032,0.464516,1.38095,2.14286,2.2381,2.71429
45050,GrPX,0,1,0.363636,2,0.173077,0.211538,0.264516,0.251613,1,1.19048,1.33333,1.42857
45100,UOX,0,0,0.331169,1.66667,0.441558,0.441558,0.363636,0.376623,2,2.09524,2.2381,2.09524
45150,UOX,0,0,0.311688,1.57143,0.285714,0.318182,0.24026,0.266234,1.28571,1.7619,1.38095,1.66667
45200,EAX,0,0,0.525974,2.66667,0.114286,0.607143,0.496732,0.522876,2.14286,3.80952,2.85714,3.2381
45250,PL,0,0,0.454545,2.57143,0.344156,0.311688,0.467532,0.363636,1.28571,1.28571,2.47619,2
45300,AOX,0,0,0.506494,2.57143,0.519481,0.0649351,0.512987,0.116883,2.71429,0.380952,2.57143,0.809524
45350,LOX,0,1,0.558442,3.2381,0.538961,0.11039,0.532468,0.162338,3.19048,0.47619,3.04762,0.857143
45400,AOX,0,0,0.337662,1.57143,0.162338,0.357143,0.24026,0.441558,0.714286,1.61905,1.33333,2.47619
45450,AOX,0,0,0.214286,1.2381,0.233766,0.11039,0.305195,0.233766,1.33333,0.619048,1.66667,1.33333
45500,GrPX,1,0,0.214286,1,0.11465,0.127389,0.23871,0.270968,0.52381,0.619048,1.42857,1.71429
45550,EAX,0,0,0.311688,1.71429,0.151079,0.395683,0.435065,0.467532,2.28571,3.19048,2.33333,2.38095
45600,OX,0,0,0.350649,1.80952,0.0844156,0.292208,0.0909091,0.357143,0.47619,1.47619,0.52381,1.95238
45650,GOX,0,0,0.363636,2,0.188312,0.24026,0.207792,0.37013,1.2381,1.09524,1.2381,2
45700,GOX,0,1,0.11039,0.619048,0.0584416,0.155844,0.207792,0.253247,0.380952,0.857143,0.904762,1.14286
45750,UOX,0,0,0.344156,2.09524,0.363636,0.38961,0.305195,0.285714,1.90476,1.80952,1.57143,2
45800,PMX,0,1,0.5,2.80952,0.194805,0.376623,0.155844,0.415584,1.19048,2.04762,1,2.33333
45850,PL,0,0,0.155844,0.809524,0.123377,0.11039,0.136364,0.188312,0.380952,0.428571,0.666667,0.857143
45900,UOX,0,0,0.337662,1.95238,0.383117,0.454545,0.402597,0.448052,1.85714,2.19048,2.28571,2.61905
45950,UOX,0,0,0.214286,1.04762,0.25974,0.266234,0.168831,0.162338,1.28571,1.28571,1,0.761905
46000,UOX,0,0,0.37013,1.80952,0.409091,0.441558,0.467532,0.461039,2.38095,2.28571,2.2381,2.33333
46050,AOX,0,0,0.422078,2.14286,0.227273,0.428571,0.298701,0.474026,1.38095,2.57143,2.09524,3
46100,GrPX,0,0,0.246753,1.33333,0.121019,0.140127,0.322581,0.232258,0.571429,0.904762,1.85714,1.61905
46150,OX,0,0,0.448052,2.28571,0.0584416,0.454545,0.0909091,0.435065,0.428571,2.42857,0.428571,2.19048
46200,GrPX,0,0,0.175325,0.761905,0.128205,0.0512821,0.175325,0.12987,0.666667,0.190476,0.904762,0.666667
46250,EAX,0,0,0.493506,2.71429,0.15,0.528571,0.551948,0.525974,2.80952,4.09524,2.71429,3
46300,AOX,0,0,0,0,0,0,0.0324675,0.0324675,0,0,0.142857,0.142857
46350,OX,0,0,0.506494,2.80952,0.487013,0.155844,0.5,0.363636,2.61905,0.666667,2.95238,1.80952
46400,UOX,0,1,0.12987,0.52381,0.175325,0.233766,0.0649351,0.155844,0.666667,0.952381,0.428571,0.857143
46450,GOX,0,0,0.318182,1.66667,0.136364,0.25974,0.305195,0.383117,0.809524,1.33333,1.66667,2.28571
46500,GOX,0,0,0.454545,2.28571,0.233766,0.305195,0.350649,0.344156,1.09524,1.52381,1.7619,1.85714
46550,PMX,0,0,0.149351,0.809524,0.0974026,0.0844156,0.0844156,0.0844156,0.571429,0.380952,0.47619,0.380952
46600,PMX,0,0,0.480519,2.33333,0.175325,0.37013,0.168831,0.402597,0.809524,1.7619,0.952381,1.95238
46650,GrPX,1,1,0.188312,1,0.0774194,0.129032,0.206452,0.212903,0.428571,0.714286,1.19048,1.14286
46700,OX,0,1,0.311688,1.85714,0.11039,0.311688,0.201299,0.383117,0.714286,1.66667,1.14286,2.19048
46750,OX,0,0,0.207792,1.04762,0.0519481,0.155844,0.0519481,0.155844,0.238095,0.809524,0.238095,0.809524
46800,AOX,0,0,0.0909091,0.428571,0,0.0909091,0,0.0909091,0,0.428571,0,0.428571
46850,PL,0,0,0.246753,1.52381,0.181818,0.168831,0.324675,0.279221,0.761905,0.761905,1.66667,1.47619
46900,EAX,0,0,0.11039,0.52381,0.121429,0.207143,0.437908,0.418301,2.09524,2.28571,2.71429,2.57143
46950,AOX,0,0,0.266234,1.61905,0.266234,0,0.279221,0.025974,1.61905,0,1.61905,0.0952381
47000,LOX,1,1,0.422078,2.09524,0.24026,0.181818,0.24026,0.181818,1.33333,0.761905,1.33333,0.761905
47050,GOX,0,0,0.298701,1.66667,0.25974,0.11039,0.383117,0.292208,1.57143,0.619048,2.28571,1.66667
47100,UOX,0,0,0.253247,1.28571,0.363636,0.415584,0.428571,0.454545,1.71429,2,2.47619,2.47619
47150,EAX,1,1,0,0,0,0,0,0,0,0,0,0
47200,PMX,0,0,0.188312,0.904762,0.0454545,0.142857,0.0454545,0.142857,0.238095,0.666667,0.238095,0.666667
47250,GOX,0,0,0.337662,1.61905,0.214286,0.181818,0.298701,0.233766,1.09524,0.904762,1.47619,1.09524
47300,OX,0,0,0.201299,1,0.25974,0.0584416,0.266234,0.0649351,1.47619,0.47619,1.33333,0.333333
47350,GrPX,1,1,0.337662,1.47619,0.191083,0.152866,0.322581,0.309677,0.761905,0.857143,1.95238,1.85714
47400,UOX,0,1,0.116883,0.571429,0.136364,0.142857,0.0974026,0.11039,0.52381,0.571429,0.380952,0.571429
47450,OX,0,0,0.493506,2.85714,0.454545,0.149351,0.461039,0.155844,2.52381,0.761905,2.57143,0.952381
47500,GrPX,1,1,0.415584,2.52381,0.227848,0.259494,0.429487,0.461538,1.14286,1.61905,2.57143,2.71429
47550,GOX,0,0,0.423077,2.61905,0.179487,0.339744,0.206452,0.451613,1.2381,2.38095,1.28571,3.04762
47600,LOX,0,0,0.298701,1.57143,0.253247,0.0844156,0.253247,0.11039,1.33333,0.52381,1.42857,0.666667
